1 0.005713 0.655208 0.010841 0.047917
1 0.040287 0.622396 0.007911 0.034375
1 0.053326 0.548698 0.006446 0.018229
1 0.066071 0.540365 0.004981 0.016146
1 0.076912 0.543750 0.006739 0.017708
1 0.068854 0.549740 0.006446 0.017188
1 0.065192 0.606510 0.012013 0.038021
1 0.083651 0.593750 0.006739 0.026042
1 0.096103 0.534375 0.007618 0.007292
1 0.101963 0.553646 0.004102 0.016667
1 0.104161 0.613021 0.012013 0.034375
0 0.109728 0.537240 0.008497 0.013021
0 0.116759 0.547396 0.010255 0.013542
0 0.128040 0.548698 0.010548 0.014063
1 0.135072 0.585156 0.009376 0.018229
0 0.151773 0.539323 0.009962 0.015104
1 0.129358 0.538802 0.005567 0.015104
1 0.174773 0.548698 0.007325 0.019271
0 0.184002 0.578906 0.011720 0.020313
1 0.189569 0.548438 0.006446 0.022917
0 0.198066 0.536198 0.007032 0.009896
1 0.206563 0.548438 0.007032 0.013542
1 0.217990 0.547396 0.004102 0.013542
1 0.203633 0.649740 0.016408 0.054688
1 0.186493 0.722656 0.021389 0.063021
1 0.244067 0.547135 0.005274 0.023438
1 0.251831 0.575000 0.013185 0.015625
1 0.254175 0.585417 0.010255 0.020833
1 0.240551 0.641146 0.016994 0.039583
1 0.264723 0.540365 0.004981 0.020313
0 0.277469 0.545312 0.010548 0.015625
1 0.268093 0.603125 0.013478 0.031250
1 0.295488 0.552083 0.006153 0.018750
1 0.286844 0.569792 0.006446 0.023958
1 0.317756 0.595052 0.008497 0.025521
1 0.326106 0.602083 0.008204 0.022917
1 0.312482 0.659115 0.011427 0.031771
1 0.336800 0.527865 0.004395 0.009896
1 0.356871 0.536198 0.005860 0.016146
1 0.347055 0.571354 0.007325 0.018750
1 0.360826 0.571354 0.005567 0.027083
1 0.386171 0.546354 0.005860 0.012500
1 0.374158 0.576042 0.005860 0.021875
1 0.365954 0.593229 0.008204 0.021875
1 0.387196 0.583073 0.007325 0.022396
1 0.416349 0.523958 0.005860 0.009375
1 0.394228 0.632812 0.010255 0.038542
1 0.403750 0.662500 0.021096 0.062500
1 0.439350 0.609375 0.010841 0.028125
1 0.460445 0.617188 0.007911 0.046875
1 0.492529 0.629167 0.012892 0.042708
1 0.522414 0.596354 0.008204 0.026042
1 0.531497 0.588021 0.005860 0.023958
1 0.541166 0.589063 0.009376 0.023958
1 0.560943 0.622135 0.011427 0.029687
1 0.599619 0.600000 0.011427 0.035417
1 0.632435 0.639844 0.017287 0.039062
0 0.675798 0.597396 0.009669 0.029167
1 0.674480 0.619792 0.015236 0.017708
1 0.789188 0.562240 0.007911 0.022396
1 0.855259 0.564063 0.005860 0.014583
1 0.064899 0.688281 0.019631 0.063021
0 0.112218 0.535156 0.007032 0.008854
0 0.138734 0.532292 0.005567 0.007292
0 0.133167 0.533594 0.005567 0.008854
0 0.146938 0.536198 0.008497 0.009896
0 0.157340 0.529167 0.006446 0.007292
0 0.160270 0.527083 0.005860 0.007292
0 0.160270 0.536719 0.006446 0.010937
0 0.173015 0.533073 0.004395 0.008854
0 0.185614 0.528646 0.003223 0.008333
0 0.191913 0.530469 0.004102 0.008854
0 0.205684 0.530469 0.004688 0.008854
0 0.224289 0.531771 0.007325 0.012500
0 0.230296 0.532813 0.004102 0.009375
1 0.229710 0.538542 0.005274 0.009375
0 0.233372 0.531250 0.004395 0.008333
0 0.240404 0.528385 0.007911 0.009896
0 0.257545 0.528125 0.004688 0.006250
