1 0.602604 0.078935 0.006771 0.029167
1 0.594141 0.087963 0.006510 0.026852
1 0.402865 0.219907 0.013021 0.029630
1 0.463021 0.104167 0.007292 0.023148
1 0.360938 0.287731 0.007812 0.032870
1 0.598828 0.121759 0.005469 0.031481
1 0.622786 0.130556 0.009115 0.024074
1 0.434505 0.264815 0.004948 0.023148
1 0.398307 0.350000 0.007552 0.024074
1 0.632161 0.209722 0.005469 0.025926
1 0.611458 0.275231 0.005208 0.026389
1 0.655729 0.324306 0.005208 0.033796
1 0.530990 0.400694 0.006250 0.030093
1 0.489583 0.419444 0.007292 0.041667
1 0.587891 0.158333 0.005469 0.021296
1 0.608464 0.210185 0.010677 0.030556
1 0.418490 0.462269 0.013542 0.021759
1 0.571875 0.469676 0.012500 0.039352
1 0.343359 0.600463 0.008073 0.019444
1 0.503255 0.561806 0.017448 0.019907
1 0.367057 0.720139 0.007552 0.021759
1 0.501302 0.853704 0.006250 0.033333
1 0.748568 0.970139 0.005990 0.024537
