1 0.004981 0.655729 0.009376 0.044792
1 0.039555 0.622656 0.008204 0.035937
1 0.054937 0.548958 0.006153 0.017708
1 0.064752 0.605990 0.011134 0.038021
1 0.068122 0.539062 0.003223 0.015625
1 0.069880 0.548698 0.005567 0.017188
1 0.078084 0.541927 0.006739 0.016146
1 0.098008 0.534635 0.007325 0.005729
1 0.083651 0.593229 0.007325 0.026042
1 0.103135 0.612240 0.011720 0.032813
1 0.102989 0.552865 0.003223 0.015104
0 0.117199 0.544010 0.011720 0.017188
0 0.111339 0.537240 0.007032 0.011979
1 0.134925 0.584635 0.008497 0.017188
0 0.129505 0.547917 0.008204 0.013542
1 0.131116 0.538281 0.005567 0.015104
0 0.153531 0.539323 0.011134 0.013021
1 0.175652 0.548958 0.006739 0.016667
1 0.189276 0.550000 0.004688 0.018750
1 0.191327 0.546354 0.005860 0.016667
0 0.184735 0.578125 0.011427 0.017708
0 0.200117 0.536458 0.007032 0.008333
1 0.207735 0.548177 0.005860 0.013021
1 0.219162 0.547135 0.004102 0.011979
1 0.245532 0.546875 0.004688 0.021875
1 0.265895 0.539844 0.004395 0.018229
0 0.253003 0.574479 0.011427 0.015625
1 0.255054 0.584375 0.007911 0.021875
0 0.279226 0.544531 0.009376 0.014063
1 0.287870 0.569010 0.005567 0.022396
1 0.267214 0.603385 0.012892 0.030729
1 0.296220 0.550781 0.005274 0.016146
1 0.318488 0.594271 0.005860 0.023958
1 0.326106 0.601302 0.007618 0.020313
1 0.338705 0.528125 0.004102 0.009375
1 0.358775 0.535677 0.004395 0.015104
1 0.347641 0.571875 0.006739 0.016667
1 0.361705 0.570833 0.005567 0.025000
1 0.365807 0.592969 0.008497 0.021354
1 0.374890 0.575781 0.006153 0.022396
1 0.387489 0.546094 0.005567 0.013021
1 0.387489 0.583333 0.007911 0.022917
1 0.418547 0.523177 0.004981 0.008854
1 0.439203 0.609896 0.012306 0.026042
1 0.460152 0.613542 0.006739 0.039583
1 0.492968 0.628385 0.011427 0.040104
1 0.522854 0.594271 0.007911 0.021875
1 0.532376 0.586458 0.005274 0.021875
1 0.541752 0.588281 0.008790 0.023438
1 0.561529 0.620052 0.012599 0.025521
1 0.599912 0.598958 0.011427 0.031250
1 0.633021 0.638021 0.017287 0.035417
0 0.677410 0.597656 0.008204 0.028646
1 0.675505 0.620052 0.014943 0.016146
1 0.791386 0.563281 0.007032 0.023438
1 0.858482 0.564583 0.005274 0.016667
1 0.061822 0.690365 0.019924 0.066146
1 0.202168 0.649219 0.015236 0.050521
1 0.183416 0.723437 0.021682 0.065625
1 0.239672 0.643750 0.015822 0.042708
1 0.311749 0.658854 0.009376 0.029167
1 0.393495 0.634635 0.009962 0.040104
1 0.401992 0.662500 0.020510 0.061458
0 0.114122 0.535937 0.006739 0.009375
0 0.125842 0.535937 0.007911 0.009375
0 0.135218 0.533594 0.006153 0.010937
0 0.140785 0.532552 0.006153 0.008854
1 0.148257 0.536719 0.008204 0.009896
0 0.161881 0.537500 0.004981 0.010417
0 0.167448 0.538542 0.007325 0.010417
1 0.176091 0.539062 0.005860 0.007292
0 0.184588 0.532813 0.005860 0.007292
0 0.194111 0.531510 0.003223 0.007812
0 0.187225 0.528125 0.003516 0.008333
0 0.213888 0.533333 0.008790 0.011458
0 0.232054 0.533333 0.004102 0.008333
0 0.234837 0.530990 0.004981 0.009896
1 0.231321 0.538542 0.004981 0.008333
0 0.258863 0.528646 0.004395 0.007292
0 0.242748 0.529167 0.006739 0.009375
0 0.207589 0.530469 0.004981 0.009896
0 0.202608 0.526823 0.003809 0.006771
