0 0.002197 0.566667 0.003809 0.012500
1 0.003516 0.655990 0.006446 0.043229
1 0.057574 0.548698 0.006153 0.018229
1 0.071052 0.538542 0.003809 0.015625
1 0.072956 0.548698 0.004688 0.015104
1 0.081160 0.541927 0.006446 0.016146
1 0.063873 0.605990 0.011134 0.039062
1 0.038236 0.621875 0.007911 0.035417
1 0.083797 0.592708 0.005860 0.026042
1 0.101963 0.612500 0.011134 0.033333
1 0.105186 0.552865 0.003516 0.015104
1 0.100938 0.534115 0.006739 0.005729
0 0.114122 0.537240 0.006153 0.010937
0 0.117345 0.535417 0.006153 0.008333
0 0.120568 0.545833 0.009669 0.012500
1 0.135951 0.584115 0.009376 0.017188
0 0.132142 0.547656 0.008790 0.014063
1 0.133460 0.537760 0.005567 0.015104
0 0.138002 0.532813 0.005274 0.009375
0 0.143422 0.531771 0.005567 0.008333
0 0.156314 0.539323 0.008497 0.013021
0 0.164958 0.535937 0.005274 0.012500
0 0.185174 0.576042 0.011720 0.017708
0 0.170671 0.538542 0.007911 0.009375
1 0.178289 0.548698 0.006739 0.018229
1 0.179168 0.545312 0.007911 0.015625
0 0.170817 0.532813 0.005274 0.008333
1 0.191474 0.549479 0.004981 0.018750
1 0.193818 0.546615 0.005567 0.016146
1 0.187372 0.532292 0.006153 0.009375
0 0.202461 0.535417 0.007032 0.010417
1 0.210372 0.548177 0.005860 0.013021
1 0.221653 0.547656 0.004395 0.010937
0 0.210079 0.530469 0.004102 0.008854
0 0.190888 0.528385 0.003223 0.007812
1 0.234251 0.538021 0.004395 0.009375
1 0.247729 0.546094 0.005567 0.021354
0 0.238207 0.530729 0.005274 0.007292
0 0.234398 0.532552 0.004102 0.008854
0 0.246411 0.528906 0.006446 0.009896
0 0.252857 0.530990 0.004688 0.008854
0 0.261793 0.528125 0.004395 0.007292
1 0.268679 0.539323 0.004102 0.018229
0 0.281131 0.545312 0.009669 0.014583
0 0.253736 0.573958 0.011720 0.012500
1 0.255347 0.585156 0.007325 0.021354
1 0.298857 0.551042 0.005860 0.014583
1 0.288895 0.568229 0.005274 0.022917
1 0.267214 0.603125 0.012306 0.032292
1 0.318488 0.594010 0.005860 0.023438
1 0.326546 0.601302 0.007911 0.020313
1 0.341781 0.528125 0.003809 0.009375
1 0.349253 0.571615 0.006446 0.017188
1 0.360680 0.536198 0.005274 0.016146
1 0.389833 0.546615 0.004981 0.013021
1 0.362731 0.571354 0.005274 0.025000
1 0.375769 0.575781 0.006153 0.021354
1 0.366686 0.592969 0.007325 0.021354
1 0.388661 0.583594 0.007325 0.023438
1 0.421770 0.523698 0.004395 0.007812
1 0.309259 0.659375 0.009083 0.030208
1 0.392616 0.633594 0.009962 0.038021
1 0.401406 0.663802 0.019338 0.059896
1 0.437738 0.610156 0.015236 0.026562
1 0.460299 0.613281 0.006446 0.036979
1 0.492968 0.629948 0.010255 0.043229
1 0.524465 0.594792 0.007032 0.021875
1 0.533988 0.586979 0.004981 0.020833
1 0.543510 0.588802 0.008790 0.021354
1 0.563141 0.620052 0.012306 0.022396
1 0.601817 0.599479 0.011720 0.032292
1 0.634779 0.640104 0.015529 0.037500
0 0.679754 0.597917 0.009376 0.029167
1 0.677996 0.622135 0.015236 0.016146
1 0.795195 0.562500 0.007618 0.022917
1 0.863610 0.565365 0.004395 0.016146
1 0.056109 0.692187 0.020217 0.069792
1 0.174626 0.725000 0.024026 0.068750
1 0.199678 0.651302 0.016115 0.056771
1 0.237328 0.644792 0.016408 0.044792
