1 0.019045 0.214844 0.004102 0.005729
1 0.016701 0.224479 0.003516 0.007292
1 0.009376 0.221354 0.007032 0.006250
1 0.006885 0.234635 0.004981 0.007812
1 0.008790 0.246875 0.005274 0.007292
1 0.033402 0.215104 0.004688 0.005208
1 0.029886 0.232292 0.004688 0.009375
1 0.028128 0.239844 0.003516 0.008854
1 0.015236 0.296354 0.004688 0.009375
1 0.047466 0.217969 0.005274 0.009896
1 0.038383 0.247656 0.002930 0.006771
1 0.034281 0.296875 0.006446 0.010417
1 0.008790 0.380208 0.005274 0.009375
1 0.021535 0.337760 0.003223 0.006771
1 0.048638 0.348958 0.005274 0.008333
1 0.049517 0.364063 0.004688 0.005208
1 0.052740 0.389062 0.005274 0.007292
1 0.073982 0.405729 0.008497 0.012500
1 0.058746 0.276042 0.004395 0.008333
1 0.090536 0.219792 0.004102 0.007292
1 0.103868 0.228125 0.002637 0.008333
1 0.069147 0.279427 0.002930 0.006771
1 0.060064 0.309375 0.005860 0.005208
1 0.075007 0.310417 0.005860 0.009375
1 0.090536 0.327083 0.003516 0.010417
1 0.093759 0.335938 0.004102 0.008333
1 0.087167 0.343490 0.003223 0.005729
1 0.098447 0.344010 0.005274 0.010937
1 0.093613 0.242708 0.002637 0.005208
1 0.081453 0.265885 0.002930 0.006771
1 0.096543 0.281771 0.005567 0.005208
1 0.112511 0.258854 0.002930 0.007292
1 0.108702 0.280990 0.003516 0.010937
1 0.113243 0.292969 0.003809 0.008854
1 0.110167 0.300000 0.004102 0.009375
1 0.118078 0.304427 0.005274 0.009896
1 0.113390 0.325521 0.004102 0.014583
1 0.118664 0.219010 0.004102 0.006771
1 0.131849 0.232292 0.003516 0.005208
1 0.123498 0.253125 0.002637 0.007292
1 0.142104 0.215365 0.002930 0.004687
1 0.129212 0.271094 0.003516 0.005729
1 0.126135 0.308594 0.004395 0.005729
1 0.159684 0.170313 0.006446 0.005208
1 0.157047 0.178125 0.004102 0.007292
1 0.158658 0.201823 0.003223 0.006771
1 0.142397 0.236719 0.002930 0.006771
1 0.158658 0.229948 0.002637 0.007812
1 0.163786 0.234896 0.005860 0.006250
1 0.136683 0.269531 0.007325 0.010937
1 0.130530 0.310417 0.003809 0.006250
1 0.113976 0.336719 0.005274 0.006771
1 0.134486 0.323958 0.004102 0.005208
1 0.135804 0.337760 0.003223 0.006771
1 0.126575 0.347656 0.003516 0.007812
1 0.133460 0.354948 0.004395 0.007812
1 0.163493 0.351302 0.007618 0.011979
1 0.140492 0.245833 0.003809 0.008333
1 0.157926 0.257552 0.004102 0.009896
1 0.163786 0.253646 0.005274 0.005208
1 0.147524 0.263542 0.004981 0.004167
1 0.168327 0.284635 0.003223 0.006771
1 0.096689 0.400521 0.007032 0.010417
1 0.082772 0.449740 0.007911 0.013021
1 0.108116 0.433594 0.004688 0.020313
1 0.119543 0.419271 0.003516 0.009375
1 0.151187 0.350781 0.004688 0.005729
1 0.142983 0.369531 0.003516 0.008854
1 0.156900 0.386198 0.003223 0.014063
1 0.142543 0.395313 0.004981 0.008333
1 0.169059 0.321094 0.003516 0.008854
1 0.122180 0.374219 0.004102 0.006771
1 0.206710 0.351823 0.006153 0.011979
1 0.198359 0.383854 0.004688 0.012500
1 0.208321 0.398438 0.005274 0.008333
1 0.205684 0.418229 0.003516 0.008333
1 0.181365 0.288281 0.008790 0.007812
1 0.180926 0.303646 0.002637 0.007292
1 0.185028 0.258073 0.003809 0.008854
1 0.205831 0.259896 0.006153 0.015625
1 0.200117 0.275521 0.002930 0.008333
1 0.192353 0.270313 0.003809 0.006250
1 0.189130 0.283333 0.002637 0.007292
1 0.191913 0.304167 0.003516 0.006250
1 0.026956 0.470052 0.006446 0.016146
1 0.044975 0.522917 0.006153 0.014583
1 0.056695 0.494792 0.004981 0.008333
1 0.074714 0.475260 0.005274 0.011979
1 0.127307 0.468750 0.009669 0.010417
1 0.146059 0.459635 0.005567 0.010937
1 0.112950 0.569531 0.004395 0.015104
1 0.122033 0.586719 0.007911 0.008854
1 0.096836 0.641146 0.008497 0.008333
1 0.126428 0.653385 0.006739 0.008854
1 0.074714 0.168490 0.012306 0.010937
1 0.215939 0.221094 0.004102 0.014063
1 0.229124 0.228906 0.002930 0.008854
1 0.232786 0.248958 0.004981 0.008333
1 0.242602 0.242448 0.003516 0.007812
1 0.240990 0.274740 0.002637 0.006771
1 0.226194 0.383594 0.004102 0.007812
1 0.260768 0.349219 0.004688 0.004687
1 0.274099 0.455469 0.007325 0.019271
1 0.221213 0.477344 0.004688 0.011979
1 0.153531 0.514062 0.007032 0.014583
1 0.170817 0.505469 0.006446 0.010937
1 0.163493 0.478385 0.004102 0.010937
1 0.212863 0.523438 0.003809 0.015625
1 0.213742 0.532813 0.006739 0.010417
1 0.242895 0.200521 0.004688 0.005208
1 0.236156 0.223698 0.002930 0.011979
1 0.251685 0.244010 0.002930 0.005729
1 0.260035 0.257031 0.003223 0.006771
1 0.269851 0.228906 0.002930 0.004687
1 0.243041 0.291927 0.002637 0.007812
1 0.273660 0.217448 0.005274 0.007812
1 0.288163 0.224740 0.004981 0.006771
1 0.273074 0.198177 0.002930 0.005729
1 0.283035 0.254948 0.004102 0.007812
1 0.254761 0.313281 0.002637 0.008854
1 0.248755 0.233333 0.002344 0.005208
1 0.276150 0.251563 0.004395 0.007292
1 0.292704 0.255208 0.005274 0.011458
1 0.303399 0.297396 0.005567 0.007292
1 0.324348 0.295312 0.003516 0.007292
1 0.354820 0.190104 0.004102 0.009375
1 0.287723 0.157552 0.002930 0.009896
1 0.282742 0.327344 0.003516 0.007812
1 0.231614 0.326302 0.003223 0.006771
1 0.260914 0.420833 0.004981 0.008333
1 0.291093 0.385417 0.005567 0.006250
1 0.274978 0.391667 0.003223 0.009375
1 0.292558 0.358854 0.003809 0.011458
1 0.279666 0.369792 0.003223 0.010417
1 0.312921 0.360156 0.003516 0.011979
1 0.328890 0.305208 0.003809 0.007292
1 0.346469 0.264323 0.004395 0.004687
1 0.346909 0.312760 0.006446 0.007812
1 0.329769 0.354687 0.004981 0.009375
1 0.318195 0.378385 0.004102 0.006771
1 0.342660 0.396615 0.003809 0.014063
1 0.386610 0.327083 0.003809 0.008333
1 0.394814 0.324479 0.006739 0.005208
1 0.382069 0.380990 0.005274 0.005729
1 0.407559 0.365365 0.006446 0.008854
1 0.409464 0.314844 0.003223 0.007812
1 0.384120 0.279427 0.005274 0.006771
1 0.443891 0.261979 0.002930 0.008333
1 0.379578 0.415365 0.004395 0.010937
1 0.341635 0.460417 0.008204 0.013542
1 0.376209 0.488542 0.007032 0.012500
1 0.411954 0.409375 0.005860 0.009375
1 0.374451 0.536458 0.008204 0.015625
1 0.290360 0.508333 0.008204 0.018750
1 0.276443 0.473438 0.008497 0.007292
1 0.267067 0.533594 0.004981 0.008854
1 0.257105 0.597917 0.007325 0.010417
1 0.290067 0.595052 0.005274 0.011979
1 0.310870 0.521094 0.007032 0.007812
1 0.331380 0.554167 0.004102 0.015625
1 0.341342 0.724219 0.008790 0.018229
1 0.338119 0.636719 0.005860 0.010937
1 0.337972 0.651302 0.005567 0.007812
1 0.350718 0.601302 0.004688 0.008854
1 0.406827 0.645312 0.004981 0.017708
1 0.361412 0.460156 0.005567 0.006771
1 0.343539 0.486458 0.005567 0.007292
1 0.399648 0.471354 0.004688 0.011458
1 0.400967 0.515885 0.004395 0.011979
1 0.421037 0.379948 0.005274 0.008854
1 0.455464 0.389062 0.003809 0.009375
1 0.458394 0.372396 0.004981 0.005208
1 0.433343 0.406771 0.006446 0.005208
1 0.426751 0.437760 0.004395 0.010937
1 0.443598 0.493490 0.006446 0.005729
1 0.431585 0.378906 0.013478 0.019271
1 0.447846 0.364323 0.002637 0.008854
1 0.391298 0.351562 0.004981 0.007292
1 0.491650 0.341667 0.011720 0.020833
1 0.483299 0.357552 0.013185 0.025521
1 0.515529 0.348958 0.004395 0.013542
1 0.490624 0.386198 0.006153 0.007812
1 0.489745 0.391927 0.004981 0.007812
1 0.418547 0.329948 0.003809 0.009896
1 0.461324 0.315104 0.003809 0.006250
1 0.466745 0.265625 0.004102 0.013542
1 0.506739 0.325260 0.003223 0.013021
1 0.512892 0.309115 0.004395 0.009896
1 0.537797 0.307031 0.003223 0.009896
1 0.537064 0.417969 0.009376 0.026562
1 0.519631 0.408073 0.002637 0.009896
1 0.470847 0.306510 0.003516 0.006771
1 0.484032 0.272135 0.003516 0.007812
1 0.492968 0.227865 0.004981 0.007812
1 0.510255 0.252083 0.002051 0.009375
1 0.538969 0.226823 0.004395 0.007812
1 0.456929 0.250260 0.002637 0.006771
1 0.523147 0.245833 0.004395 0.005208
1 0.564020 0.242188 0.004102 0.005208
1 0.545854 0.307031 0.004102 0.007812
1 0.517287 0.204167 0.002637 0.007292
1 0.546294 0.335938 0.003809 0.009375
1 0.570319 0.375521 0.005567 0.007292
1 0.599180 0.380208 0.002930 0.009375
1 0.604747 0.265885 0.002930 0.011979
1 0.599033 0.322396 0.006153 0.007292
1 0.463961 0.510417 0.006739 0.010417
1 0.475828 0.378385 0.003516 0.010937
1 0.496777 0.496875 0.003223 0.010417
1 0.459713 0.533854 0.004102 0.012500
1 0.456343 0.557552 0.005567 0.010937
1 0.442426 0.617188 0.007032 0.008333
1 0.465573 0.598958 0.005274 0.010417
1 0.495459 0.546875 0.007032 0.011458
1 0.524612 0.570573 0.005567 0.013021
1 0.506153 0.630729 0.009083 0.009375
1 0.504248 0.486198 0.003516 0.011979
1 0.513917 0.465365 0.005860 0.013021
1 0.509669 0.402604 0.002637 0.012500
1 0.545415 0.428646 0.006153 0.010417
1 0.700996 0.334115 0.003809 0.013021
1 0.719895 0.316406 0.003516 0.013021
1 0.744506 0.327604 0.006446 0.008333
1 0.771316 0.311198 0.003223 0.011979
1 0.752564 0.350521 0.005567 0.007292
1 0.754175 0.339323 0.004688 0.007812
1 0.741137 0.278125 0.004981 0.005208
1 0.719016 0.283854 0.004688 0.004167
1 0.718723 0.288802 0.004688 0.006771
1 0.791386 0.237500 0.005274 0.005208
1 0.886317 0.294010 0.005274 0.013021
1 0.845444 0.382552 0.006153 0.011979
1 0.834163 0.380729 0.005274 0.013542
1 0.957662 0.346094 0.004395 0.011979
1 0.917961 0.312240 0.005274 0.014063
1 0.882801 0.351823 0.004102 0.010937
1 0.787577 0.463021 0.004102 0.019792
1 0.699531 0.489063 0.007911 0.011458
1 0.772488 0.473958 0.006153 0.014583
1 0.786698 0.491667 0.004102 0.010417
1 0.633460 0.316927 0.007618 0.009896
1 0.639613 0.355469 0.003516 0.008854
1 0.735277 0.344271 0.003223 0.009375
1 0.581600 0.482812 0.006446 0.013542
1 0.565192 0.433594 0.004102 0.008854
1 0.619543 0.496615 0.006739 0.011979
1 0.590536 0.531771 0.004395 0.015625
1 0.616320 0.564583 0.004981 0.026042
1 0.662321 0.597135 0.006153 0.019271
1 0.667448 0.538542 0.004688 0.010417
1 0.688251 0.632031 0.003516 0.019271
1 0.486962 0.727344 0.006446 0.023438
1 0.558892 0.699740 0.006153 0.017188
1 0.530179 0.644531 0.010841 0.021354
1 0.552740 0.640625 0.004395 0.013542
1 0.575886 0.650781 0.005567 0.013021
1 0.322444 0.813021 0.004981 0.020833
1 0.309698 0.875521 0.008204 0.014583
1 0.191181 0.400000 0.003223 0.008333
1 0.228684 0.431510 0.003809 0.009896
1 0.671989 0.215365 0.004395 0.007812
1 0.828157 0.254688 0.005567 0.006250
1 0.831380 0.294010 0.004981 0.005729
1 0.835335 0.341406 0.005274 0.006771
1 0.902725 0.347917 0.004688 0.006250
1 0.591562 0.396615 0.003516 0.008854
1 0.573249 0.408594 0.003809 0.008854
1 0.671110 0.350260 0.004395 0.005729
1 0.712423 0.408333 0.003223 0.009375
1 0.667155 0.414583 0.002930 0.009375
1 0.642543 0.417969 0.003516 0.009896
1 0.709493 0.360677 0.003809 0.008854
1 0.660563 0.284375 0.003809 0.008333
1 0.636683 0.363802 0.004102 0.008854
1 0.654556 0.245573 0.002930 0.008854
1 0.595664 0.229687 0.004688 0.005208
1 0.586727 0.246094 0.004395 0.005729
1 0.686786 0.283854 0.004102 0.006250
1 0.523733 0.271354 0.003223 0.007292
1 0.623059 0.286458 0.003809 0.007292
1 0.429534 0.299740 0.003516 0.008854
1 0.434955 0.317448 0.005567 0.005729
1 0.179314 0.619010 0.005274 0.015104
1 0.153384 0.633854 0.006153 0.014583
1 0.198359 0.484635 0.006446 0.013021
