1 0.006153 0.655208 0.011720 0.046875
1 0.040727 0.622917 0.008790 0.035417
1 0.052886 0.548698 0.006739 0.018229
1 0.065778 0.539323 0.003223 0.015104
1 0.067829 0.548958 0.006153 0.016667
1 0.076179 0.542448 0.006446 0.017188
1 0.065045 0.605990 0.011720 0.039062
1 0.083504 0.593490 0.007032 0.027604
1 0.095224 0.534635 0.007618 0.006771
1 0.101231 0.553646 0.003809 0.016667
1 0.104454 0.611979 0.011427 0.035417
0 0.108995 0.537500 0.007032 0.013542
0 0.111485 0.534635 0.007325 0.009896
0 0.115148 0.544531 0.012306 0.018229
0 0.127600 0.547917 0.009083 0.014583
1 0.134779 0.584896 0.009376 0.017708
0 0.132581 0.533594 0.005567 0.010937
1 0.128479 0.538281 0.005567 0.016146
0 0.151773 0.539844 0.010548 0.014063
1 0.174333 0.548958 0.007032 0.017708
1 0.176091 0.545573 0.005860 0.015104
0 0.184295 0.579167 0.011720 0.019792
1 0.187811 0.549740 0.004688 0.019271
0 0.197480 0.535937 0.007032 0.009375
1 0.205684 0.548438 0.005860 0.013542
1 0.217551 0.547917 0.004395 0.012500
1 0.204659 0.650000 0.017873 0.053125
1 0.241137 0.641146 0.016994 0.039583
1 0.243334 0.547396 0.005567 0.022917
1 0.264284 0.539844 0.004688 0.018229
1 0.252271 0.575000 0.011720 0.013542
1 0.254615 0.585156 0.008204 0.021354
0 0.277469 0.545312 0.009962 0.017708
1 0.294902 0.551823 0.004981 0.019271
1 0.286844 0.570573 0.006446 0.026562
1 0.267946 0.603125 0.012599 0.032292
1 0.318049 0.594792 0.006739 0.026042
1 0.325813 0.602083 0.007618 0.021875
1 0.336507 0.528906 0.004395 0.009896
1 0.356578 0.535937 0.005274 0.016667
1 0.346762 0.572135 0.006739 0.018229
1 0.360533 0.571354 0.006739 0.026042
1 0.374011 0.576042 0.006739 0.022917
1 0.365514 0.592708 0.010255 0.022917
1 0.385438 0.546875 0.005567 0.013542
1 0.386464 0.583854 0.008204 0.023958
1 0.394374 0.631510 0.010548 0.034896
1 0.403897 0.660937 0.020217 0.058333
1 0.439936 0.609635 0.011427 0.027604
1 0.460006 0.614062 0.007618 0.041667
1 0.492089 0.629427 0.013771 0.045312
1 0.522414 0.595313 0.008204 0.025000
1 0.531058 0.587240 0.006153 0.022396
1 0.541313 0.589063 0.010255 0.025000
1 0.560797 0.623437 0.012892 0.031250
1 0.598740 0.600260 0.012013 0.033854
1 0.633460 0.639583 0.014064 0.037500
0 0.675798 0.597656 0.009083 0.030729
1 0.673894 0.619531 0.015822 0.016146
1 0.788602 0.561198 0.007325 0.020313
1 0.312775 0.657552 0.009669 0.029687
1 0.188837 0.721615 0.021389 0.059896
1 0.065924 0.686979 0.021096 0.061458
0 0.124084 0.536458 0.005567 0.009375
0 0.137709 0.532552 0.006446 0.007812
1 0.159684 0.536979 0.005860 0.011458
0 0.165104 0.538542 0.007911 0.010417
0 0.156461 0.528385 0.006446 0.008854
0 0.159098 0.527344 0.005860 0.006771
0 0.172575 0.532813 0.004688 0.007292
0 0.182098 0.532813 0.006153 0.008333
0 0.184588 0.528385 0.003516 0.007812
0 0.204805 0.529687 0.004688 0.009375
0 0.223410 0.531771 0.007325 0.013542
0 0.229417 0.532813 0.005274 0.008333
0 0.232786 0.530729 0.004981 0.010417
0 0.240551 0.528385 0.008204 0.009896
0 0.256226 0.528385 0.004395 0.007812
1 0.228684 0.537500 0.005567 0.010417
