1 0.005567 0.655469 0.010548 0.046354
1 0.040287 0.622917 0.009083 0.035417
1 0.063873 0.690885 0.021096 0.066146
1 0.053619 0.548958 0.006446 0.018750
1 0.065192 0.606510 0.012599 0.039062
1 0.066803 0.539323 0.004102 0.016146
1 0.069001 0.549740 0.006153 0.017188
1 0.077058 0.542708 0.006446 0.018750
1 0.083651 0.593490 0.006153 0.026562
1 0.103721 0.613021 0.011134 0.033333
1 0.096250 0.533594 0.006739 0.005729
1 0.102110 0.552865 0.004395 0.015104
0 0.116027 0.544271 0.012306 0.016667
0 0.128626 0.547917 0.009376 0.015625
1 0.134779 0.584635 0.008204 0.017188
0 0.152359 0.540104 0.010548 0.013542
0 0.184149 0.579167 0.012013 0.019792
1 0.175066 0.549219 0.007325 0.019271
1 0.176970 0.545312 0.005860 0.014583
1 0.188544 0.549219 0.004981 0.019271
1 0.190302 0.546875 0.006153 0.017708
1 0.186493 0.722917 0.020217 0.063542
1 0.203047 0.650000 0.015822 0.053125
0 0.197773 0.535937 0.007032 0.009375
1 0.206710 0.548958 0.006153 0.013542
1 0.218576 0.547656 0.004688 0.013021
1 0.244946 0.546875 0.005274 0.023958
1 0.240404 0.642708 0.016701 0.041667
0 0.252417 0.574740 0.012599 0.014063
1 0.254615 0.585417 0.008790 0.021875
1 0.267946 0.603646 0.013185 0.033333
1 0.265309 0.540104 0.004395 0.019792
0 0.278201 0.545573 0.009669 0.016146
1 0.287137 0.570312 0.005860 0.026042
1 0.295634 0.551042 0.005274 0.017708
1 0.311749 0.659896 0.009962 0.035417
1 0.317902 0.594531 0.006446 0.024479
1 0.325960 0.601302 0.007325 0.021354
1 0.337826 0.529167 0.004102 0.009375
1 0.357603 0.535937 0.004981 0.014583
1 0.347641 0.571615 0.006153 0.018229
1 0.361412 0.570833 0.004981 0.026042
1 0.365807 0.593229 0.008497 0.023958
1 0.386757 0.546875 0.005274 0.014583
1 0.374158 0.576562 0.006446 0.021875
1 0.387343 0.583333 0.007618 0.025000
1 0.393495 0.632812 0.010548 0.039583
1 0.402725 0.665885 0.020803 0.069271
1 0.439789 0.610417 0.010548 0.029167
1 0.460299 0.615625 0.007618 0.044792
1 0.492675 0.628906 0.012013 0.044271
1 0.522414 0.594271 0.007618 0.022917
1 0.531644 0.586979 0.006153 0.020833
1 0.541313 0.588021 0.009083 0.020833
1 0.561236 0.620833 0.010841 0.029167
1 0.599326 0.600781 0.012013 0.033854
1 0.633167 0.638802 0.016408 0.036979
0 0.675945 0.597396 0.009962 0.029167
1 0.675066 0.620052 0.015236 0.016146
1 0.789774 0.561458 0.007325 0.020833
1 0.856431 0.565365 0.005860 0.018229
0 0.109581 0.538021 0.005860 0.009375
0 0.112804 0.535677 0.006446 0.008854
0 0.133753 0.533854 0.005567 0.009375
0 0.139467 0.532031 0.006446 0.008854
0 0.141371 0.528906 0.003809 0.007812
0 0.160563 0.537500 0.004688 0.010417
0 0.166569 0.539062 0.007911 0.009375
0 0.205977 0.530729 0.004102 0.011458
0 0.186200 0.528385 0.003223 0.007812
0 0.230589 0.532552 0.004102 0.008854
0 0.224436 0.532292 0.006446 0.011458
1 0.230149 0.538802 0.004395 0.008854
0 0.241723 0.527604 0.007618 0.010417
0 0.257984 0.528385 0.004395 0.006771
1 0.252857 0.527865 0.003516 0.006771
