1 0.603125 0.087963 0.006771 0.025926
1 0.594271 0.096065 0.007292 0.029167
1 0.386849 0.194213 0.007031 0.024537
1 0.335938 0.260648 0.008333 0.042593
1 0.463281 0.113426 0.006250 0.025000
1 0.404687 0.228009 0.014063 0.031944
1 0.360938 0.297685 0.007292 0.031481
1 0.599349 0.132176 0.008073 0.033796
1 0.623437 0.139815 0.008333 0.026852
1 0.633333 0.219444 0.006771 0.024074
1 0.353906 0.414583 0.007812 0.025463
1 0.608464 0.220139 0.011719 0.030093
1 0.531120 0.410185 0.007031 0.028704
1 0.434766 0.273148 0.004948 0.024074
1 0.490495 0.426389 0.008073 0.037963
1 0.655859 0.333102 0.005469 0.034722
1 0.573177 0.480787 0.014063 0.029167
1 0.418620 0.470139 0.015365 0.022685
1 0.296224 0.465741 0.008594 0.015741
1 0.503125 0.570370 0.016667 0.021296
1 0.469141 0.811343 0.014323 0.017130
1 0.501172 0.860417 0.005990 0.028241
