0 0.113097 0.544531 0.011720 0.018229
1 0.104014 0.616406 0.012306 0.041146
0 0.126721 0.547917 0.009669 0.015625
0 0.107823 0.538281 0.008790 0.011979
0 0.110167 0.535417 0.007618 0.010417
0 0.130823 0.532552 0.006153 0.010937
0 0.137123 0.532292 0.007032 0.010417
0 0.138881 0.529948 0.004688 0.008854
0 0.150601 0.540104 0.011134 0.015625
0 0.158951 0.536198 0.007911 0.014063
0 0.154996 0.527865 0.007032 0.008854
0 0.146059 0.530990 0.009083 0.008854
0 0.171550 0.530990 0.006739 0.013021
0 0.183856 0.527865 0.004395 0.011979
0 0.196015 0.535677 0.007618 0.011979
0 0.181072 0.531250 0.007032 0.012500
0 0.222385 0.531771 0.008204 0.014583
0 0.228831 0.532292 0.004102 0.009375
0 0.232200 0.529948 0.005567 0.014063
0 0.255787 0.528385 0.004688 0.008854
0 0.239818 0.529948 0.006153 0.008854
0 0.236742 0.525781 0.004102 0.009896
0 0.211691 0.527604 0.003809 0.009375
0 0.215646 0.528906 0.004102 0.009896
0 0.164225 0.538542 0.008497 0.011458
0 0.122033 0.536719 0.009083 0.013021
1 0.094345 0.534115 0.007618 0.007812
1 0.100352 0.553646 0.004395 0.016667
1 0.052007 0.548698 0.006153 0.018229
1 0.065485 0.539844 0.004981 0.016146
1 0.075154 0.542448 0.007325 0.017188
1 0.067389 0.549479 0.005860 0.016667
1 0.041166 0.623437 0.007911 0.036458
1 0.065631 0.605469 0.011720 0.039062
1 0.083358 0.594010 0.006739 0.026562
1 0.067096 0.696354 0.020510 0.078125
1 0.134193 0.584635 0.009376 0.017188
1 0.173601 0.548958 0.006739 0.017708
1 0.175212 0.546875 0.006446 0.012500
1 0.187079 0.550521 0.005567 0.021875
1 0.188837 0.547135 0.006739 0.015104
0 0.183856 0.579948 0.012013 0.023438
1 0.205098 0.548698 0.006446 0.013021
1 0.216818 0.548177 0.005274 0.014063
1 0.243334 0.547656 0.006153 0.024479
1 0.205538 0.650521 0.018459 0.055208
1 0.241869 0.644792 0.017287 0.044792
0 0.252271 0.573958 0.014064 0.018750
1 0.253882 0.585677 0.010255 0.022396
1 0.268093 0.603906 0.012892 0.033854
1 0.263258 0.540104 0.005567 0.017708
1 0.276150 0.544531 0.009669 0.014063
1 0.294169 0.552083 0.006446 0.016667
1 0.286258 0.571875 0.007032 0.028125
1 0.313654 0.661719 0.009083 0.036979
1 0.317902 0.596615 0.007618 0.031771
1 0.326253 0.601823 0.007911 0.021354
1 0.335335 0.528385 0.004395 0.010937
1 0.355699 0.536198 0.005860 0.017188
1 0.345883 0.571875 0.007325 0.016667
1 0.360240 0.571354 0.006153 0.027083
1 0.365221 0.592969 0.008497 0.022396
1 0.373425 0.575521 0.006739 0.022917
1 0.384559 0.546094 0.006739 0.015104
1 0.386464 0.583073 0.008204 0.023438
1 0.394521 0.630729 0.009083 0.035417
1 0.404043 0.661979 0.020510 0.063542
1 0.439350 0.609896 0.011427 0.027083
1 0.415031 0.523698 0.004981 0.008854
1 0.459859 0.615625 0.007911 0.043750
1 0.492089 0.629427 0.013771 0.046354
1 0.521096 0.594792 0.007911 0.023958
1 0.530179 0.586979 0.005567 0.021875
1 0.540287 0.589063 0.009962 0.022917
1 0.559918 0.625000 0.012892 0.035417
1 0.598594 0.600000 0.012306 0.033333
1 0.631995 0.638542 0.015236 0.035417
0 0.674773 0.597396 0.008790 0.029167
1 0.673454 0.620052 0.014943 0.015104
1 0.787430 0.561458 0.007325 0.021875
1 0.853355 0.564323 0.004981 0.016146
1 0.190009 0.720833 0.021389 0.062500
1 0.007178 0.655208 0.013771 0.048958
