1 0.004541 0.655990 0.008497 0.045312
1 0.039408 0.622656 0.008497 0.035937
1 0.054937 0.548438 0.006739 0.018750
1 0.064166 0.605990 0.011720 0.036979
1 0.068854 0.538802 0.004102 0.015104
1 0.070173 0.548438 0.005567 0.016667
1 0.078523 0.542448 0.006446 0.016146
1 0.083944 0.592969 0.007325 0.025521
1 0.102842 0.612500 0.011134 0.033333
1 0.103282 0.553125 0.003809 0.014583
0 0.129798 0.547917 0.009376 0.013542
1 0.135072 0.583854 0.009376 0.017708
1 0.175798 0.548698 0.007032 0.017188
0 0.184442 0.576823 0.012013 0.017188
1 0.189716 0.550000 0.006153 0.018750
1 0.191620 0.546615 0.005860 0.015104
1 0.208028 0.547917 0.005860 0.012500
0 0.199238 0.535156 0.007618 0.009896
1 0.219602 0.547396 0.004395 0.011458
1 0.245971 0.546615 0.005567 0.022396
1 0.266628 0.539583 0.004102 0.018750
0 0.252564 0.574219 0.012892 0.015104
1 0.254761 0.585156 0.008497 0.019271
0 0.279226 0.544271 0.008790 0.015625
1 0.287577 0.568490 0.006153 0.022396
1 0.267653 0.603125 0.013185 0.031250
1 0.239232 0.642448 0.016701 0.041146
1 0.201582 0.647396 0.016408 0.052083
1 0.181512 0.722135 0.022561 0.065104
1 0.060797 0.690365 0.020217 0.064062
1 0.311310 0.665365 0.009083 0.043229
1 0.318488 0.594271 0.005860 0.025000
1 0.325520 0.601823 0.007618 0.022396
1 0.347788 0.571615 0.006446 0.017188
1 0.296806 0.551042 0.004688 0.014583
1 0.365954 0.593229 0.008204 0.021875
1 0.393349 0.639323 0.009083 0.051562
1 0.401406 0.665625 0.020510 0.065625
1 0.361559 0.570052 0.005274 0.025521
1 0.375183 0.576042 0.006153 0.022917
1 0.338998 0.528385 0.004688 0.008854
1 0.358775 0.535677 0.004981 0.014063
1 0.387636 0.545833 0.005274 0.013542
1 0.387782 0.583333 0.007325 0.025000
1 0.418986 0.523438 0.004102 0.007292
1 0.437738 0.609115 0.014650 0.026562
1 0.460738 0.614583 0.006153 0.041667
1 0.492382 0.632292 0.012013 0.048958
1 0.523000 0.594792 0.006446 0.021875
1 0.532376 0.586198 0.005274 0.020313
1 0.541459 0.588021 0.008790 0.021875
1 0.561822 0.620833 0.012013 0.028125
1 0.600791 0.601302 0.012013 0.034896
0 0.677849 0.598437 0.007911 0.031250
1 0.633314 0.640365 0.016701 0.038021
1 0.675652 0.620833 0.015236 0.016667
1 0.791825 0.564323 0.006739 0.024479
1 0.859801 0.565365 0.005567 0.018229
1 0.098301 0.533854 0.007325 0.006250
0 0.111192 0.537760 0.006153 0.008854
0 0.114122 0.534896 0.006153 0.009375
0 0.118371 0.547135 0.009962 0.010937
1 0.131116 0.537500 0.004981 0.015625
0 0.135218 0.532813 0.005567 0.009375
0 0.140785 0.531771 0.006153 0.008333
0 0.143129 0.527865 0.003223 0.005729
0 0.154117 0.539323 0.011134 0.013021
0 0.159830 0.529167 0.005567 0.008333
0 0.161881 0.535937 0.005567 0.011458
0 0.168034 0.538542 0.007911 0.010417
0 0.168620 0.533333 0.005567 0.008333
0 0.175212 0.533333 0.004688 0.007292
0 0.187811 0.528125 0.003516 0.008333
1 0.184588 0.532552 0.005860 0.006771
0 0.207882 0.530208 0.004981 0.009375
0 0.214914 0.534635 0.008497 0.008854
0 0.235423 0.530729 0.004981 0.008333
0 0.226047 0.532552 0.006739 0.009896
0 0.231761 0.537760 0.005274 0.009896
0 0.243774 0.528906 0.006446 0.007812
0 0.259742 0.528385 0.004981 0.006771
1 0.254468 0.528125 0.003809 0.007292
