1 0.004981 0.655729 0.009376 0.044792
1 0.039555 0.622135 0.007618 0.035937
1 0.054937 0.548698 0.006153 0.018229
1 0.068708 0.539062 0.004981 0.015625
1 0.078523 0.542448 0.006446 0.016146
1 0.070026 0.549219 0.005860 0.016146
1 0.064459 0.606250 0.012306 0.036458
1 0.084237 0.593229 0.006739 0.025000
1 0.103428 0.612760 0.011134 0.033854
1 0.097861 0.534115 0.007618 0.005729
1 0.103135 0.553125 0.003516 0.014583
0 0.111339 0.539062 0.007032 0.010417
0 0.129798 0.548698 0.009962 0.014063
1 0.135072 0.584375 0.008790 0.016667
1 0.131116 0.537760 0.004981 0.016146
1 0.176091 0.548438 0.006446 0.018750
0 0.184881 0.577344 0.011134 0.016146
1 0.189423 0.550000 0.004981 0.020833
1 0.191327 0.546875 0.005860 0.015625
1 0.207735 0.548438 0.005860 0.012500
0 0.199531 0.535417 0.007032 0.008333
1 0.219602 0.548438 0.004395 0.014583
1 0.245532 0.546615 0.005274 0.022396
0 0.252710 0.573698 0.011427 0.014063
1 0.254761 0.584635 0.008497 0.022396
1 0.266335 0.539583 0.004688 0.016667
0 0.278787 0.544531 0.009669 0.015104
1 0.267214 0.602865 0.012306 0.031771
1 0.287577 0.569792 0.005567 0.025000
1 0.296513 0.550781 0.005274 0.015104
1 0.318342 0.594010 0.006153 0.022396
1 0.325960 0.601302 0.007325 0.021354
1 0.338705 0.528125 0.004102 0.009375
1 0.358482 0.535937 0.004395 0.015625
1 0.347934 0.571615 0.006739 0.018229
1 0.361705 0.570573 0.005567 0.025521
1 0.387489 0.546094 0.004981 0.013021
1 0.365514 0.593490 0.007911 0.022396
1 0.374744 0.575781 0.005860 0.022396
1 0.387636 0.583073 0.007618 0.021354
1 0.393202 0.631771 0.009376 0.036458
1 0.402139 0.661719 0.019631 0.057813
1 0.438910 0.609896 0.012306 0.027083
1 0.460299 0.612240 0.006446 0.036979
1 0.492822 0.629427 0.011134 0.042188
1 0.522854 0.594531 0.007325 0.022396
1 0.532376 0.585938 0.005274 0.019792
1 0.541899 0.588542 0.008497 0.021875
1 0.561676 0.619792 0.011720 0.025000
1 0.599912 0.599479 0.012599 0.033333
1 0.633753 0.638802 0.015236 0.036979
0 0.677263 0.597917 0.008497 0.031250
1 0.675652 0.620573 0.014650 0.015104
1 0.791532 0.560677 0.007325 0.018229
1 0.859215 0.564583 0.006153 0.015625
1 0.061383 0.686719 0.020217 0.057813
1 0.182684 0.723437 0.021389 0.063542
1 0.201729 0.649740 0.016701 0.051562
1 0.238939 0.644271 0.016115 0.044792
1 0.311310 0.659635 0.009669 0.031771
0 0.114269 0.535677 0.007032 0.009896
0 0.118810 0.547396 0.009083 0.011458
0 0.135072 0.533333 0.005274 0.009375
0 0.140639 0.532031 0.005860 0.007812
0 0.154556 0.540365 0.010255 0.011979
1 0.131849 0.536458 0.005860 0.011458
0 0.162028 0.536458 0.005860 0.012500
0 0.168180 0.538802 0.007618 0.009896
0 0.175212 0.533333 0.004688 0.007292
1 0.177410 0.545052 0.007325 0.015104
0 0.187811 0.528646 0.003516 0.008333
1 0.184588 0.532552 0.005860 0.006771
0 0.207882 0.529687 0.004981 0.010417
0 0.214621 0.534375 0.008497 0.008333
0 0.232200 0.533073 0.004395 0.008854
0 0.235423 0.530469 0.004981 0.009896
0 0.242602 0.528646 0.007032 0.008333
0 0.259303 0.528646 0.004688 0.007292
