1 0.003662 0.655990 0.006739 0.044271
1 0.038822 0.622656 0.007911 0.036979
1 0.063873 0.606250 0.011134 0.038542
1 0.083797 0.592187 0.007032 0.028125
1 0.070612 0.538802 0.003516 0.016146
1 0.080867 0.542188 0.005860 0.015625
1 0.072224 0.548958 0.004981 0.015625
1 0.100645 0.533333 0.006739 0.006250
1 0.105040 0.552865 0.003809 0.015104
1 0.102256 0.611979 0.011134 0.034375
0 0.113536 0.536719 0.007325 0.009896
0 0.131409 0.547135 0.009083 0.015104
0 0.119689 0.545052 0.009083 0.014063
1 0.135658 0.584115 0.008204 0.017188
0 0.137123 0.532813 0.005274 0.009375
1 0.177703 0.548958 0.006739 0.016667
1 0.190741 0.549740 0.004688 0.019271
1 0.193378 0.546094 0.005274 0.017188
0 0.185614 0.577083 0.010841 0.015625
0 0.169499 0.537760 0.007911 0.011979
0 0.201875 0.535156 0.006446 0.010937
1 0.209493 0.547656 0.005274 0.011979
1 0.221506 0.547396 0.004688 0.013542
1 0.247143 0.546094 0.006153 0.023438
1 0.268093 0.538802 0.004102 0.018229
0 0.253296 0.573958 0.012013 0.013542
1 0.255640 0.584375 0.007325 0.022917
1 0.267214 0.603125 0.012306 0.031250
0 0.280838 0.545573 0.009083 0.016146
1 0.288749 0.568490 0.006153 0.024479
1 0.298271 0.550781 0.005860 0.015104
1 0.318342 0.594010 0.006153 0.023438
1 0.326253 0.601042 0.007325 0.019792
1 0.340902 0.528646 0.003809 0.009375
1 0.349253 0.571354 0.006446 0.017708
1 0.360680 0.535417 0.004688 0.014583
1 0.362291 0.570312 0.005567 0.025000
1 0.366393 0.592969 0.007911 0.022396
1 0.375623 0.576042 0.005860 0.021875
1 0.389100 0.546354 0.005274 0.012500
1 0.388368 0.583073 0.007911 0.023438
1 0.392763 0.634115 0.009669 0.041146
1 0.400527 0.665885 0.019338 0.068229
1 0.438910 0.614583 0.012892 0.037500
1 0.460445 0.614323 0.006739 0.040104
1 0.492968 0.630208 0.010255 0.043750
1 0.524172 0.594010 0.006446 0.021354
1 0.533548 0.585938 0.005274 0.020833
1 0.543364 0.588281 0.008497 0.022396
1 0.562701 0.619792 0.013185 0.023958
1 0.601524 0.600000 0.011720 0.035417
1 0.634779 0.640365 0.016115 0.038021
0 0.679168 0.597396 0.008790 0.030208
1 0.677263 0.620573 0.015529 0.015104
1 0.794755 0.562240 0.006739 0.023438
1 0.177703 0.728906 0.021975 0.075521
1 0.199531 0.650521 0.016408 0.054167
1 0.237914 0.644792 0.016408 0.044792
1 0.309991 0.661198 0.009376 0.034896
