1 0.041166 0.161458 0.003223 0.003125
1 0.008204 0.179948 0.004102 0.006771
1 0.014503 0.177344 0.004981 0.003646
1 0.008497 0.190625 0.004102 0.005208
1 0.017873 0.217448 0.004102 0.004687
1 0.014796 0.182031 0.002637 0.005729
1 0.018898 0.189844 0.003223 0.006771
1 0.003662 0.222396 0.003223 0.005208
1 0.008790 0.223958 0.008204 0.006250
1 0.006006 0.237500 0.004981 0.008333
1 0.007618 0.249479 0.004688 0.007292
1 0.005127 0.253906 0.003809 0.004687
1 0.032376 0.217188 0.004981 0.005208
1 0.029153 0.233854 0.004395 0.007292
1 0.027688 0.242188 0.003223 0.008333
1 0.033988 0.222396 0.003516 0.004167
1 0.015822 0.227865 0.002930 0.007812
1 0.038529 0.250260 0.003223 0.005729
1 0.050249 0.178906 0.007911 0.007812
1 0.073542 0.171875 0.012892 0.009375
1 0.046294 0.220052 0.005860 0.010937
1 0.038236 0.182292 0.002637 0.003125
1 0.043364 0.176302 0.002930 0.003646
1 0.092587 0.168490 0.003516 0.007812
1 0.102256 0.173698 0.002930 0.003646
1 0.123352 0.171615 0.004688 0.009896
1 0.058306 0.223438 0.005274 0.011458
1 0.060211 0.232292 0.003223 0.007292
1 0.089950 0.222135 0.004688 0.007812
1 0.086727 0.200781 0.002930 0.005729
1 0.109728 0.195833 0.005567 0.006250
1 0.059478 0.278646 0.004688 0.007292
1 0.069733 0.281771 0.002930 0.007292
1 0.108409 0.211198 0.008204 0.008854
1 0.103282 0.230469 0.002637 0.006771
1 0.103282 0.259115 0.005567 0.011979
1 0.118078 0.221615 0.003516 0.006771
1 0.127161 0.180208 0.004688 0.005208
1 0.158219 0.172396 0.005274 0.003125
1 0.155875 0.180729 0.004688 0.007292
1 0.141518 0.217708 0.003516 0.005208
1 0.131556 0.234635 0.003516 0.005729
1 0.093613 0.245052 0.003223 0.003646
1 0.157926 0.204167 0.002930 0.006250
1 0.175359 0.176302 0.003809 0.006771
1 0.160856 0.164323 0.002930 0.006771
1 0.167448 0.163021 0.003809 0.004167
1 0.192646 0.182552 0.003223 0.005729
1 0.185174 0.188021 0.004102 0.007292
1 0.164079 0.205729 0.003516 0.007292
1 0.174480 0.206250 0.003809 0.006250
1 0.190595 0.209115 0.002637 0.007812
1 0.112657 0.261198 0.002051 0.007812
1 0.097422 0.283854 0.005567 0.005208
1 0.109435 0.283073 0.003223 0.009896
1 0.142250 0.239323 0.002637 0.006771
1 0.123791 0.255208 0.002637 0.007292
1 0.140346 0.248177 0.003516 0.007812
1 0.195576 0.209635 0.003223 0.004687
1 0.206417 0.200781 0.003809 0.005729
1 0.185321 0.259635 0.003809 0.008854
1 0.158805 0.232031 0.002344 0.005729
1 0.226487 0.158854 0.004102 0.003125
1 0.252564 0.160417 0.004102 0.004167
1 0.264430 0.171875 0.002637 0.004167
1 0.015822 0.298958 0.004688 0.009375
1 0.034867 0.299219 0.006446 0.010937
1 0.076326 0.312760 0.006153 0.010937
1 0.113976 0.294531 0.004102 0.008854
1 0.061383 0.311458 0.004981 0.005208
1 0.018898 0.320833 0.004395 0.008333
1 0.023293 0.326302 0.010841 0.006771
1 0.050689 0.350781 0.005274 0.007812
1 0.236595 0.185417 0.003809 0.008333
1 0.255787 0.175781 0.002930 0.006771
1 0.215939 0.222656 0.004688 0.013021
1 0.286551 0.159375 0.003516 0.009375
1 0.305596 0.159375 0.004102 0.009375
1 0.269411 0.186979 0.002637 0.005208
1 0.272781 0.200260 0.002930 0.006771
1 0.328597 0.177604 0.004981 0.007292
1 0.369030 0.167448 0.002637 0.007812
1 0.354820 0.177604 0.002344 0.007292
1 0.354380 0.191667 0.003809 0.008333
1 0.359801 0.204167 0.003516 0.009375
1 0.417814 0.177083 0.002344 0.008333
1 0.424114 0.183854 0.002051 0.007292
1 0.416349 0.213281 0.001758 0.006771
1 0.442280 0.186458 0.003809 0.004167
1 0.465866 0.159896 0.008790 0.006250
1 0.473630 0.168490 0.003223 0.003646
1 0.488280 0.186198 0.003223 0.007812
1 0.451802 0.198177 0.002930 0.005729
1 0.518752 0.169010 0.003809 0.005729
1 0.485350 0.198958 0.006739 0.008333
1 0.548345 0.177865 0.002637 0.005729
1 0.535160 0.176563 0.003223 0.005208
1 0.468210 0.219010 0.002344 0.005729
1 0.513624 0.178906 0.001758 0.006771
1 0.505713 0.179688 0.002930 0.005208
1 0.516261 0.204167 0.001758 0.007292
1 0.500879 0.200521 0.004395 0.004167
1 0.492529 0.228385 0.004102 0.006771
1 0.538383 0.227604 0.003809 0.007292
1 0.513624 0.229687 0.003516 0.003125
1 0.456783 0.251302 0.002344 0.005729
1 0.523147 0.246354 0.004395 0.004167
1 0.509815 0.252083 0.002344 0.007292
1 0.549370 0.228125 0.002344 0.004167
1 0.572077 0.203385 0.003809 0.004687
1 0.563727 0.242708 0.003516 0.005208
1 0.588925 0.215625 0.004102 0.004167
1 0.625549 0.179427 0.007618 0.005729
1 0.608409 0.214583 0.002637 0.006250
1 0.595078 0.229687 0.004688 0.005208
1 0.586288 0.246615 0.004102 0.005729
1 0.604307 0.265885 0.002637 0.011979
1 0.629212 0.239583 0.004981 0.004167
1 0.643569 0.237240 0.003223 0.004687
1 0.636244 0.255729 0.002637 0.005208
1 0.670378 0.215625 0.003516 0.007292
1 0.668473 0.234115 0.003809 0.006771
1 0.658219 0.235156 0.003809 0.004687
1 0.653970 0.245573 0.002930 0.008854
1 0.683270 0.232552 0.004102 0.004687
1 0.682830 0.236458 0.003809 0.006250
1 0.622766 0.286198 0.003223 0.006771
1 0.652798 0.277604 0.005274 0.004167
1 0.592441 0.306250 0.003516 0.007292
1 0.601231 0.303646 0.002930 0.007292
1 0.599033 0.321094 0.006153 0.006771
1 0.632728 0.314323 0.004981 0.005729
1 0.635365 0.317188 0.002051 0.007292
1 0.659977 0.284115 0.003809 0.006771
1 0.685907 0.283333 0.004102 0.004167
1 0.696601 0.313281 0.002051 0.007812
1 0.717404 0.283333 0.004395 0.004167
1 0.717404 0.288542 0.003809 0.006250
1 0.739672 0.277083 0.004395 0.005208
1 0.719162 0.314844 0.003223 0.013021
1 0.717697 0.326042 0.005567 0.008333
1 0.701289 0.332552 0.003809 0.014063
1 0.697773 0.347396 0.003223 0.008333
1 0.789042 0.236719 0.004102 0.004687
1 0.826106 0.253646 0.005567 0.006250
1 0.829476 0.292708 0.004688 0.005208
1 0.770437 0.309896 0.002637 0.011458
1 0.743920 0.326302 0.006446 0.006771
1 0.734837 0.341406 0.002930 0.007812
1 0.753589 0.337240 0.005274 0.006771
1 0.709347 0.359375 0.003516 0.007292
1 0.833724 0.339062 0.004981 0.005208
1 0.832992 0.378385 0.005274 0.013021
1 0.844418 0.379948 0.006446 0.009896
1 0.880311 0.349740 0.004395 0.009896
1 0.883680 0.292187 0.004688 0.010417
1 0.914445 0.310677 0.004102 0.013021
1 0.900381 0.345052 0.003516 0.006771
1 0.918840 0.332552 0.004688 0.005729
1 0.907852 0.355729 0.004395 0.005208
1 0.954732 0.342969 0.003809 0.010937
1 0.788016 0.459115 0.003809 0.018229
1 0.787430 0.487500 0.003223 0.012500
1 0.773513 0.469531 0.005860 0.013021
1 0.768239 0.463021 0.002930 0.008333
1 0.640053 0.353906 0.003223 0.008854
1 0.600791 0.378646 0.002637 0.009375
1 0.637709 0.363542 0.003809 0.008333
1 0.671110 0.349219 0.004395 0.005729
1 0.682830 0.376042 0.004395 0.007292
1 0.662174 0.384635 0.005860 0.009896
1 0.712423 0.375521 0.003809 0.006250
1 0.719309 0.376302 0.003516 0.004687
1 0.752564 0.348438 0.004981 0.006250
1 0.668327 0.412240 0.002930 0.007812
1 0.643862 0.415885 0.003223 0.009896
1 0.713156 0.404948 0.002930 0.008854
1 0.701436 0.484896 0.007618 0.010417
1 0.670671 0.534375 0.004102 0.010417
1 0.284940 0.201563 0.003223 0.003125
1 0.273513 0.219010 0.005567 0.006771
1 0.242895 0.243750 0.002930 0.007292
1 0.241723 0.251302 0.002930 0.004687
1 0.269558 0.230469 0.002930 0.005729
1 0.288016 0.226302 0.005274 0.006771
1 0.260914 0.258333 0.002637 0.006250
1 0.248755 0.235156 0.002344 0.003646
1 0.252271 0.245573 0.002930 0.006771
1 0.264430 0.259375 0.003223 0.005208
1 0.276883 0.234375 0.002344 0.006250
1 0.244360 0.293490 0.003516 0.006771
1 0.287723 0.238542 0.003516 0.005208
1 0.276443 0.253125 0.003809 0.006250
1 0.283475 0.256250 0.003223 0.008333
1 0.293144 0.255729 0.004395 0.010417
1 0.307647 0.240104 0.002344 0.006250
1 0.349692 0.248698 0.003223 0.004687
1 0.348374 0.258854 0.002344 0.007292
1 0.347348 0.265365 0.003809 0.004687
1 0.334163 0.233333 0.003809 0.008333
1 0.333724 0.202604 0.004688 0.004167
1 0.372400 0.217448 0.002344 0.007812
1 0.366100 0.236719 0.003809 0.004687
1 0.384559 0.280469 0.004981 0.006771
1 0.396425 0.295573 0.007032 0.008854
1 0.403604 0.275521 0.003223 0.007292
1 0.412980 0.287500 0.002637 0.006250
1 0.448725 0.244010 0.003809 0.003646
1 0.445209 0.255729 0.003223 0.005208
1 0.444184 0.263021 0.002344 0.006250
1 0.431585 0.281250 0.004688 0.006250
1 0.396425 0.324740 0.006446 0.004687
1 0.348813 0.311719 0.006153 0.008854
1 0.388222 0.327344 0.003516 0.006771
1 0.430413 0.300260 0.002930 0.007812
1 0.467477 0.266406 0.003223 0.011979
1 0.466598 0.277604 0.002637 0.006250
1 0.453853 0.295312 0.002930 0.005208
1 0.457515 0.308073 0.004395 0.009896
1 0.435541 0.318229 0.004981 0.005208
1 0.421623 0.321875 0.003516 0.006250
1 0.410782 0.314844 0.002930 0.007812
1 0.420158 0.330208 0.002930 0.009375
1 0.472165 0.306510 0.003223 0.006771
1 0.462789 0.315625 0.003809 0.006250
1 0.484618 0.272656 0.003516 0.007812
1 0.496631 0.271875 0.003516 0.003125
1 0.523440 0.271615 0.002637 0.005729
1 0.538529 0.305990 0.002344 0.009896
1 0.546733 0.307031 0.004102 0.007812
1 0.550249 0.312240 0.004102 0.005729
1 0.514210 0.308854 0.004102 0.009375
1 0.507764 0.324219 0.002930 0.013021
1 0.490038 0.304688 0.002637 0.007292
1 0.516994 0.348698 0.004395 0.013021
1 0.547319 0.334635 0.003516 0.008854
1 0.493115 0.342448 0.011720 0.017188
1 0.443012 0.329167 0.002344 0.005208
1 0.385438 0.342708 0.003809 0.008333
1 0.409317 0.345313 0.003516 0.005208
1 0.393056 0.351302 0.003809 0.007812
1 0.438031 0.349740 0.004102 0.005729
1 0.409757 0.365885 0.006739 0.007812
1 0.384706 0.381771 0.005860 0.007292
1 0.449897 0.364323 0.002637 0.008854
1 0.423088 0.379688 0.005274 0.008333
1 0.430706 0.379948 0.012306 0.015104
1 0.460445 0.371615 0.004981 0.005729
1 0.395107 0.405990 0.004981 0.008854
1 0.361998 0.401823 0.004395 0.005729
1 0.382801 0.414844 0.004395 0.010937
1 0.376355 0.425521 0.002637 0.009375
1 0.414884 0.409115 0.004688 0.009896
1 0.435980 0.405990 0.005860 0.004687
1 0.457808 0.388021 0.003223 0.009375
1 0.477732 0.377344 0.002637 0.010937
1 0.334896 0.287760 0.002930 0.006771
1 0.325374 0.296094 0.003223 0.009896
1 0.329915 0.305729 0.004102 0.008333
1 0.304864 0.298438 0.004981 0.007292
1 0.331820 0.354948 0.004981 0.007812
1 0.336654 0.357552 0.002930 0.008854
1 0.206124 0.261979 0.006153 0.015625
1 0.200850 0.277083 0.002051 0.007292
1 0.314972 0.359635 0.003516 0.010937
1 0.321125 0.378125 0.004102 0.006250
1 0.334896 0.377604 0.002930 0.009375
1 0.345590 0.397135 0.003809 0.015104
1 0.270583 0.268750 0.002051 0.004167
1 0.269411 0.290885 0.003223 0.005729
1 0.256373 0.314323 0.002930 0.008854
1 0.186786 0.276823 0.002637 0.005729
1 0.284647 0.327865 0.003223 0.006771
1 0.262379 0.347917 0.005567 0.006250
1 0.233372 0.327604 0.003809 0.006250
1 0.282156 0.370052 0.002930 0.009896
1 0.294755 0.358854 0.004102 0.011458
1 0.306768 0.367969 0.005860 0.008854
1 0.278054 0.391667 0.002930 0.010417
1 0.208614 0.352865 0.005860 0.010937
1 0.294023 0.386719 0.005567 0.006771
1 0.158219 0.259635 0.004688 0.010937
1 0.147524 0.265625 0.003809 0.004167
1 0.182244 0.288802 0.008790 0.009896
1 0.190302 0.284635 0.003223 0.007812
1 0.110900 0.301042 0.003809 0.007292
1 0.118810 0.306510 0.004981 0.009896
1 0.091708 0.328646 0.003516 0.010417
1 0.095810 0.338021 0.004102 0.008333
1 0.114855 0.327344 0.003516 0.013021
1 0.116027 0.338802 0.004688 0.008854
1 0.131556 0.311458 0.004102 0.007292
1 0.165544 0.352344 0.007618 0.011979
1 0.129798 0.273698 0.003516 0.005729
1 0.128479 0.349219 0.003223 0.007812
1 0.100352 0.345313 0.005567 0.010417
1 0.153238 0.352344 0.004688 0.005729
1 0.170671 0.322656 0.003223 0.008854
1 0.149282 0.297135 0.002637 0.007812
1 0.168913 0.286198 0.003223 0.006771
1 0.164079 0.255469 0.005860 0.005729
1 0.169645 0.263281 0.003516 0.004687
1 0.136537 0.271354 0.007032 0.009375
1 0.137855 0.339323 0.003223 0.007812
1 0.182098 0.305208 0.002637 0.006250
1 0.145180 0.370573 0.003223 0.008854
1 0.159537 0.387760 0.003223 0.013021
1 0.010987 0.382031 0.005567 0.008854
1 0.051861 0.365625 0.004102 0.004167
1 0.054937 0.375000 0.004395 0.007292
1 0.055377 0.390104 0.004688 0.007292
1 0.030765 0.470573 0.006446 0.016146
1 0.040434 0.411979 0.004688 0.008333
1 0.076326 0.407031 0.008497 0.011979
1 0.099180 0.402344 0.006739 0.010937
1 0.111778 0.435156 0.004395 0.020313
1 0.086141 0.450781 0.008204 0.013021
1 0.078963 0.475781 0.005567 0.010937
1 0.049224 0.523438 0.005860 0.014583
1 0.145327 0.395573 0.004688 0.007812
1 0.124670 0.375781 0.004395 0.007812
1 0.130530 0.469531 0.008497 0.009896
1 0.149575 0.460156 0.005567 0.011979
1 0.157926 0.513542 0.007618 0.013542
1 0.082625 0.518490 0.009962 0.010937
1 0.060504 0.496615 0.005567 0.008854
1 0.095957 0.486979 0.005567 0.007292
1 0.119250 0.569010 0.004102 0.015104
1 0.005860 0.549740 0.007032 0.010937
1 0.042045 0.583854 0.006153 0.006250
1 0.128626 0.585938 0.007618 0.008333
1 0.104307 0.639844 0.007618 0.008854
1 0.160270 0.632031 0.005274 0.013021
1 0.039555 0.760677 0.008790 0.021354
1 0.134339 0.651563 0.007325 0.010417
1 0.013917 0.917708 0.009669 0.014583
1 0.200703 0.384375 0.004688 0.011458
1 0.211105 0.398958 0.004981 0.007292
1 0.193818 0.400781 0.003223 0.006771
1 0.209640 0.419531 0.003223 0.008854
1 0.190741 0.430990 0.008204 0.009896
1 0.168180 0.478125 0.003516 0.010417
1 0.175652 0.505208 0.006153 0.010417
1 0.229270 0.383594 0.004395 0.007812
1 0.277908 0.454948 0.007325 0.019271
1 0.264577 0.420573 0.004102 0.007812
1 0.225901 0.477083 0.004688 0.012500
1 0.203340 0.483594 0.005274 0.010937
1 0.217844 0.522135 0.003223 0.015104
1 0.219455 0.530729 0.007032 0.013542
1 0.280838 0.472917 0.008497 0.008333
1 0.263405 0.596354 0.007618 0.009375
1 0.296367 0.592969 0.004981 0.013021
1 0.336800 0.551562 0.003809 0.013542
1 0.356871 0.598437 0.004102 0.010417
1 0.344858 0.633594 0.005860 0.011979
1 0.297978 0.637500 0.004688 0.011458
1 0.344858 0.647656 0.005274 0.008854
1 0.301348 0.477865 0.004981 0.005729
1 0.315705 0.519792 0.007325 0.007292
1 0.379285 0.535417 0.008497 0.014583
1 0.347202 0.460938 0.009376 0.012500
1 0.380604 0.486198 0.006446 0.011979
1 0.403457 0.469531 0.004102 0.010937
1 0.405655 0.514062 0.003809 0.011458
1 0.429534 0.436198 0.004102 0.009896
1 0.492822 0.385156 0.005274 0.006771
1 0.492529 0.390625 0.004688 0.007292
1 0.511866 0.401823 0.002344 0.009896
1 0.447407 0.491406 0.005860 0.005729
1 0.467770 0.506510 0.006153 0.011979
1 0.464401 0.530729 0.004102 0.011458
1 0.522121 0.407031 0.002344 0.010937
1 0.498389 0.411458 0.003516 0.007292
1 0.516994 0.463802 0.005567 0.013021
1 0.507618 0.483333 0.003809 0.010417
1 0.500879 0.495573 0.003223 0.009896
1 0.537797 0.421354 0.010841 0.027083
1 0.547905 0.426823 0.005860 0.010937
1 0.547466 0.463542 0.006739 0.011458
1 0.567682 0.430990 0.003809 0.008854
1 0.461471 0.553906 0.004688 0.009896
1 0.500000 0.544010 0.006739 0.009896
1 0.529593 0.566667 0.004981 0.012500
1 0.447846 0.612500 0.007325 0.007292
1 0.471286 0.595573 0.004395 0.009896
1 0.512452 0.626563 0.008204 0.009375
1 0.494287 0.721354 0.005860 0.021875
1 0.536918 0.640104 0.008497 0.019792
1 0.564899 0.692708 0.006446 0.015625
1 0.558160 0.635677 0.004102 0.013021
1 0.584676 0.480208 0.006153 0.013542
1 0.594345 0.528385 0.003809 0.016146
1 0.619103 0.560417 0.004102 0.026042
1 0.622033 0.493229 0.005860 0.010417
1 0.665544 0.592448 0.005567 0.019271
1 0.691913 0.626823 0.003809 0.017188
1 0.349546 0.719792 0.008790 0.017708
1 0.331527 0.805990 0.004395 0.019271
1 0.321125 0.866667 0.007032 0.011458
