1 0.371615 0.165046 0.005208 0.018056
1 0.320052 0.227315 0.007812 0.040741
1 0.388411 0.198843 0.011719 0.026389
1 0.345313 0.264352 0.009375 0.029630
1 0.419531 0.112500 0.008333 0.023148
1 0.450521 0.086574 0.008854 0.024074
1 0.417839 0.245139 0.007552 0.023611
1 0.380729 0.327083 0.007812 0.019907
1 0.335156 0.382639 0.009896 0.024537
1 0.591146 0.064120 0.006250 0.028241
1 0.585547 0.108565 0.006510 0.027315
1 0.610026 0.118981 0.010156 0.024074
1 0.574219 0.143519 0.005729 0.019444
1 0.567187 0.176389 0.004687 0.022222
1 0.592839 0.196759 0.011719 0.028704
1 0.618099 0.196528 0.006510 0.021759
1 0.645443 0.169676 0.006510 0.015278
1 0.643099 0.243750 0.011719 0.015278
1 0.639453 0.310417 0.007031 0.031944
1 0.595052 0.261806 0.005729 0.026389
1 0.578255 0.313889 0.016406 0.019444
1 0.545052 0.253241 0.014063 0.011111
1 0.503646 0.281250 0.013542 0.025463
1 0.513411 0.382407 0.009635 0.034259
1 0.471224 0.399306 0.010156 0.037500
1 0.553906 0.454630 0.014583 0.027778
1 0.438021 0.372917 0.008854 0.017130
1 0.481380 0.543750 0.016406 0.018056
1 0.399740 0.443287 0.017188 0.025463
1 0.277734 0.430787 0.008594 0.013426
1 0.278646 0.514120 0.008333 0.027315
1 0.445312 0.783333 0.014583 0.022222
1 0.476693 0.832639 0.005469 0.029167
1 0.722786 0.959259 0.006510 0.031481
1 0.581901 0.075231 0.007552 0.027315
