1 0.052886 0.548438 0.007325 0.020833
1 0.066217 0.539583 0.004102 0.016667
1 0.076472 0.542188 0.006446 0.017708
1 0.068268 0.549479 0.006446 0.016667
1 0.040580 0.623177 0.010255 0.034896
1 0.064899 0.607031 0.012013 0.041146
1 0.083944 0.593750 0.007325 0.028125
1 0.065924 0.692969 0.019924 0.070312
1 0.095371 0.534375 0.007325 0.007292
1 0.101524 0.554167 0.004981 0.017708
0 0.109142 0.536719 0.007325 0.011979
0 0.111778 0.535156 0.007325 0.010937
0 0.115880 0.546354 0.012013 0.014583
0 0.128479 0.547396 0.010255 0.013542
1 0.104600 0.611979 0.012892 0.033333
1 0.134339 0.584896 0.009669 0.019792
0 0.151919 0.539583 0.010841 0.013542
1 0.128919 0.538542 0.005860 0.016667
1 0.174480 0.549740 0.006739 0.017188
1 0.176531 0.546615 0.005567 0.016146
1 0.187665 0.550260 0.005567 0.020313
1 0.189716 0.546875 0.006153 0.018750
0 0.197920 0.535937 0.007325 0.010417
0 0.184881 0.579948 0.012306 0.022396
1 0.206270 0.548438 0.005860 0.014583
1 0.204073 0.648438 0.016701 0.048958
1 0.217844 0.548438 0.004395 0.013542
1 0.244067 0.547656 0.004688 0.024479
1 0.264723 0.540104 0.004981 0.017708
0 0.278054 0.545573 0.010548 0.017188
0 0.252417 0.575260 0.013185 0.015104
1 0.241283 0.643750 0.017287 0.041667
1 0.254029 0.586198 0.009962 0.021354
1 0.268386 0.602865 0.012306 0.033854
1 0.295341 0.552083 0.006446 0.019792
1 0.287137 0.572396 0.005860 0.029167
1 0.318342 0.595573 0.006739 0.026562
1 0.325667 0.602344 0.008497 0.022396
1 0.312628 0.659375 0.009962 0.034375
1 0.356871 0.535937 0.005860 0.017708
1 0.347202 0.572656 0.006446 0.020313
1 0.360680 0.571354 0.005860 0.027083
1 0.386024 0.546875 0.005567 0.013542
1 0.336361 0.529167 0.004688 0.009375
1 0.366100 0.592448 0.007911 0.023438
1 0.373865 0.576823 0.007032 0.024479
1 0.386757 0.583854 0.008204 0.023958
1 0.394521 0.632292 0.010255 0.037500
1 0.404336 0.663802 0.021096 0.066146
1 0.439789 0.609635 0.010548 0.028646
1 0.460445 0.616146 0.006739 0.042708
1 0.492382 0.627604 0.014357 0.041667
1 0.522268 0.594792 0.007325 0.025000
1 0.531204 0.587240 0.005860 0.022396
1 0.540580 0.588281 0.008790 0.024479
1 0.560504 0.621094 0.012306 0.029687
1 0.599180 0.600521 0.013478 0.035417
1 0.631995 0.638281 0.016994 0.035937
0 0.675359 0.598177 0.009376 0.031771
1 0.673894 0.620313 0.014650 0.015625
1 0.788749 0.561719 0.007032 0.021354
1 0.854820 0.565365 0.006153 0.017188
1 0.006006 0.655208 0.011427 0.047917
0 0.132288 0.533073 0.005567 0.009896
0 0.140199 0.528906 0.003223 0.005729
0 0.138441 0.532552 0.006153 0.007812
0 0.156900 0.528906 0.006739 0.007812
0 0.159537 0.527344 0.006739 0.006771
0 0.159977 0.536979 0.005860 0.012500
0 0.165837 0.538021 0.007032 0.010417
0 0.182391 0.532292 0.006739 0.008333
0 0.172575 0.533333 0.005274 0.008333
0 0.229563 0.537500 0.005567 0.011458
0 0.205538 0.529687 0.006153 0.011458
0 0.230003 0.533854 0.004102 0.010417
0 0.232640 0.531250 0.005274 0.008333
0 0.240551 0.528385 0.007032 0.009896
0 0.256812 0.528385 0.004395 0.006771
