1 0.005274 0.654948 0.009962 0.046354
1 0.040287 0.623177 0.007911 0.036979
1 0.065045 0.606510 0.011720 0.039062
1 0.083797 0.594010 0.006446 0.026562
1 0.103721 0.613021 0.011134 0.034375
1 0.063873 0.691406 0.019924 0.068229
1 0.054058 0.548177 0.005567 0.018229
1 0.067243 0.538802 0.004395 0.016146
1 0.069587 0.548958 0.005567 0.017708
1 0.077791 0.542708 0.006739 0.016667
1 0.096689 0.534115 0.006446 0.005729
1 0.102842 0.553646 0.004688 0.016667
0 0.110314 0.537760 0.007325 0.010937
0 0.117052 0.546615 0.009669 0.014063
1 0.134486 0.584115 0.008790 0.017188
0 0.129212 0.547656 0.008790 0.014063
1 0.175212 0.549219 0.007032 0.017188
1 0.177263 0.545573 0.005274 0.014063
1 0.188251 0.549479 0.005567 0.018750
1 0.190741 0.546615 0.006446 0.016146
0 0.183856 0.579688 0.012599 0.022917
0 0.198506 0.535156 0.007325 0.010937
1 0.207003 0.548177 0.006153 0.011979
1 0.218576 0.548177 0.004688 0.011979
1 0.202901 0.650260 0.016115 0.054688
1 0.239965 0.644792 0.016408 0.044792
0 0.252564 0.575260 0.012306 0.015104
1 0.254615 0.585156 0.008790 0.021354
1 0.267653 0.603646 0.012013 0.032292
1 0.244946 0.546354 0.005274 0.022917
1 0.265602 0.541146 0.003223 0.019792
0 0.278347 0.545052 0.010548 0.016146
1 0.295781 0.551562 0.005567 0.017708
1 0.287137 0.570312 0.005860 0.026042
1 0.312042 0.658854 0.011134 0.030208
1 0.318195 0.595052 0.005860 0.026562
1 0.325960 0.601302 0.007911 0.020313
1 0.337826 0.528385 0.004102 0.009896
1 0.347641 0.572135 0.006153 0.017188
1 0.357750 0.535937 0.005274 0.015625
1 0.361266 0.570833 0.004688 0.027083
1 0.365807 0.592969 0.007911 0.023438
1 0.374597 0.575781 0.007325 0.024479
1 0.386757 0.546094 0.005860 0.014063
1 0.387050 0.583594 0.008204 0.024479
1 0.393788 0.632031 0.009376 0.036979
1 0.402871 0.664323 0.020510 0.065104
1 0.439643 0.609375 0.011427 0.027083
1 0.460445 0.612500 0.006739 0.037500
1 0.492822 0.628646 0.011134 0.042708
1 0.522707 0.594531 0.006446 0.022396
1 0.531644 0.586458 0.005567 0.021875
1 0.541606 0.588021 0.008497 0.023958
1 0.561236 0.620573 0.011427 0.026562
1 0.600059 0.600521 0.012306 0.033333
1 0.634339 0.639844 0.014064 0.038021
0 0.676384 0.597656 0.008497 0.030729
1 0.674187 0.620573 0.016408 0.015104
1 0.789921 0.560677 0.007032 0.018229
1 0.857017 0.564844 0.006446 0.017188
1 0.186493 0.733594 0.020217 0.084896
0 0.112657 0.535417 0.006739 0.008333
0 0.125403 0.535937 0.006446 0.009375
1 0.129944 0.539844 0.004981 0.013021
0 0.133607 0.533073 0.005274 0.008854
0 0.139906 0.532552 0.006153 0.007812
0 0.153238 0.540104 0.009962 0.013542
0 0.160709 0.536198 0.005567 0.010937
0 0.166862 0.538021 0.007911 0.011458
1 0.183416 0.532813 0.005860 0.006250
0 0.173894 0.534115 0.005567 0.007812
0 0.186639 0.528385 0.003516 0.007812
0 0.192499 0.531250 0.003516 0.006250
0 0.206417 0.530729 0.004981 0.009375
0 0.225168 0.532292 0.006739 0.012500
0 0.230882 0.532552 0.005274 0.009896
1 0.230296 0.538281 0.004102 0.007812
0 0.234398 0.531510 0.004102 0.008854
0 0.241283 0.528385 0.007325 0.009896
0 0.257838 0.527865 0.004102 0.006771
