1 0.590234 0.075463 0.005990 0.028704
1 0.580599 0.084722 0.008073 0.025926
1 0.448958 0.096991 0.007812 0.023611
1 0.419531 0.123611 0.006250 0.025000
1 0.388281 0.210417 0.011458 0.026389
1 0.585547 0.118519 0.003906 0.029630
1 0.609375 0.127778 0.009375 0.025000
1 0.592708 0.206019 0.010417 0.031481
1 0.617188 0.204630 0.005729 0.025000
1 0.595703 0.271296 0.005469 0.027778
1 0.642969 0.253009 0.013542 0.016204
1 0.639062 0.318750 0.006771 0.031944
1 0.319141 0.239583 0.006510 0.039352
1 0.345443 0.275694 0.009635 0.031019
1 0.471615 0.408796 0.009896 0.036111
1 0.513281 0.390972 0.008333 0.031944
1 0.478906 0.837037 0.005208 0.026852
1 0.724349 0.959954 0.005469 0.028241
1 0.417708 0.254630 0.005729 0.019444
1 0.566276 0.186806 0.003906 0.023611
1 0.437760 0.381250 0.007812 0.016204
1 0.335547 0.391898 0.009635 0.023611
1 0.400521 0.451389 0.017708 0.019444
1 0.482682 0.550463 0.015365 0.017593
1 0.278776 0.524537 0.007552 0.026852
1 0.278776 0.441204 0.007552 0.016667
1 0.323568 0.586574 0.007552 0.017593
1 0.447396 0.787731 0.013542 0.018056
1 0.345573 0.702778 0.006771 0.017593
1 0.253516 0.712037 0.011198 0.015741
1 0.553255 0.462037 0.014323 0.028704
1 0.503516 0.292130 0.007031 0.024074
1 0.381380 0.338426 0.005990 0.017593
1 0.484115 0.485880 0.008854 0.016204
