1 0.449349 0.087500 0.008073 0.022222
1 0.420052 0.115741 0.007292 0.024074
1 0.388672 0.200926 0.011719 0.025926
1 0.590755 0.066204 0.005990 0.028704
1 0.581641 0.075926 0.008073 0.026852
1 0.609766 0.118519 0.010156 0.023148
1 0.584896 0.110417 0.003646 0.031019
1 0.617448 0.197222 0.006771 0.024074
1 0.592578 0.197454 0.010677 0.031944
1 0.575391 0.142824 0.009635 0.024537
1 0.644141 0.244213 0.012240 0.014352
1 0.639714 0.310185 0.007552 0.032407
1 0.595443 0.262037 0.005990 0.025000
1 0.578776 0.310880 0.016927 0.018056
1 0.319661 0.229861 0.007031 0.039352
1 0.345443 0.265972 0.009635 0.031019
1 0.471615 0.399537 0.009896 0.036111
1 0.554688 0.453472 0.017708 0.025463
1 0.400521 0.442130 0.017188 0.020370
1 0.478125 0.828009 0.005729 0.027315
1 0.722917 0.954167 0.005729 0.027778
1 0.278385 0.431713 0.008854 0.016204
1 0.512760 0.382176 0.006250 0.030093
1 0.417969 0.245602 0.006250 0.020833
1 0.381380 0.328241 0.007552 0.016667
1 0.335938 0.383565 0.009375 0.021759
1 0.438411 0.371759 0.008594 0.013889
1 0.483984 0.478704 0.009115 0.016667
1 0.483073 0.540741 0.014583 0.014815
1 0.278385 0.515278 0.007292 0.028704
1 0.451693 0.595139 0.010156 0.015278
1 0.445833 0.779861 0.014583 0.018981
1 0.776693 0.983333 0.007031 0.027778
1 0.371615 0.167130 0.005208 0.018519
1 0.567057 0.176852 0.003906 0.020370
1 0.493620 0.891435 0.009635 0.018056
