1 0.004395 0.655990 0.008204 0.044271
1 0.039408 0.622135 0.007911 0.035937
1 0.055377 0.548177 0.006446 0.018229
1 0.068854 0.538542 0.003516 0.015625
1 0.070905 0.548438 0.005860 0.015625
1 0.079109 0.542188 0.006446 0.016667
1 0.064313 0.605990 0.012013 0.038021
1 0.083797 0.592708 0.006446 0.026042
1 0.102989 0.612500 0.011427 0.033333
1 0.103721 0.553125 0.003516 0.014583
0 0.130091 0.547656 0.008790 0.014063
1 0.135218 0.585677 0.009083 0.020313
0 0.154703 0.539844 0.009962 0.013021
1 0.176531 0.548958 0.006739 0.016667
0 0.184735 0.577604 0.011427 0.019792
1 0.189716 0.550521 0.004981 0.018750
1 0.191913 0.546094 0.005860 0.016146
1 0.208321 0.548438 0.006446 0.012500
1 0.220188 0.547917 0.003809 0.012500
0 0.199971 0.535417 0.007325 0.010417
1 0.245678 0.546875 0.005567 0.022917
1 0.266921 0.539583 0.004688 0.017708
0 0.252710 0.573698 0.012599 0.016146
0 0.279519 0.545052 0.009376 0.015104
1 0.267214 0.603385 0.012306 0.031771
1 0.255640 0.584896 0.006739 0.020833
1 0.287723 0.568750 0.006446 0.022917
1 0.296953 0.550521 0.004981 0.014583
1 0.318488 0.594271 0.005860 0.023958
1 0.326106 0.601302 0.007618 0.020313
1 0.339584 0.528385 0.003516 0.009896
1 0.359068 0.535417 0.004981 0.015625
1 0.348374 0.571615 0.006446 0.017188
1 0.361852 0.570833 0.005860 0.025000
1 0.365807 0.592708 0.008497 0.021875
1 0.375037 0.575521 0.006446 0.021875
1 0.388075 0.546354 0.005567 0.013542
1 0.388075 0.582812 0.007911 0.023958
1 0.393202 0.632292 0.009962 0.035417
1 0.401699 0.662240 0.019924 0.060937
1 0.440082 0.609635 0.010548 0.026562
1 0.460152 0.612500 0.006739 0.038542
1 0.492822 0.628646 0.011134 0.042708
1 0.523293 0.594792 0.007618 0.021875
1 0.532962 0.585677 0.004688 0.019271
1 0.542338 0.589063 0.008790 0.022917
1 0.561529 0.619271 0.012013 0.025000
1 0.600645 0.600260 0.011720 0.033854
1 0.634193 0.640625 0.015529 0.039583
0 0.678289 0.597396 0.008204 0.029167
1 0.675798 0.620833 0.015529 0.015625
1 0.792704 0.563542 0.006739 0.022917
1 0.860094 0.565104 0.006153 0.017708
1 0.060797 0.690104 0.019631 0.063542
1 0.201582 0.649219 0.015822 0.052604
1 0.182537 0.725781 0.020510 0.071354
1 0.311163 0.659896 0.009376 0.032292
0 0.111485 0.537500 0.006153 0.009375
1 0.098594 0.533854 0.006739 0.007292
0 0.114708 0.535677 0.006153 0.009896
0 0.118810 0.546354 0.010255 0.012500
1 0.131702 0.537500 0.004981 0.015625
0 0.127014 0.535677 0.006153 0.009896
0 0.135365 0.533333 0.005274 0.009375
0 0.141078 0.532552 0.006153 0.008854
0 0.143715 0.529167 0.003223 0.007292
0 0.162321 0.536719 0.004688 0.010937
0 0.168034 0.538802 0.007911 0.008854
1 0.178142 0.545312 0.006446 0.014583
0 0.175652 0.533594 0.004395 0.006771
1 0.185321 0.532292 0.004981 0.007292
0 0.194257 0.530990 0.003516 0.006771
0 0.188397 0.528646 0.003516 0.008333
0 0.208175 0.530469 0.004981 0.009896
0 0.215060 0.534375 0.008204 0.009375
0 0.215793 0.526302 0.002637 0.007812
0 0.226340 0.533333 0.006739 0.009375
1 0.231761 0.538281 0.004688 0.007812
0 0.232933 0.533073 0.003516 0.010937
0 0.236009 0.531250 0.004395 0.008333
0 0.243481 0.529687 0.006446 0.008333
0 0.259742 0.528125 0.004395 0.007292
