1 0.008057 0.918490 0.008497 0.015104
1 0.035013 0.762760 0.008497 0.020313
1 0.038822 0.584115 0.005567 0.005729
1 0.050249 0.592969 0.004395 0.006771
1 0.100498 0.639583 0.008204 0.010417
1 0.130384 0.652604 0.006446 0.009375
1 0.125696 0.586458 0.008204 0.009375
1 0.116027 0.569271 0.004688 0.014583
1 0.004541 0.548958 0.004981 0.010417
1 0.029007 0.470313 0.006446 0.015625
1 0.046733 0.523438 0.005567 0.014583
1 0.058306 0.496094 0.003516 0.007812
1 0.079988 0.518229 0.008204 0.009375
1 0.080721 0.500521 0.004981 0.006250
1 0.076765 0.475781 0.005274 0.009896
1 0.093906 0.486979 0.004981 0.007292
1 0.121447 0.497656 0.003223 0.007812
1 0.128919 0.469271 0.008790 0.010417
1 0.084237 0.450521 0.007911 0.012500
1 0.110021 0.434375 0.004395 0.019792
1 0.121008 0.419792 0.003516 0.008333
1 0.009962 0.380729 0.005274 0.009375
1 0.035599 0.395573 0.002637 0.006771
1 0.039262 0.411458 0.004102 0.008333
1 0.054205 0.390104 0.004688 0.007292
1 0.075007 0.406510 0.008790 0.010937
1 0.098154 0.401562 0.006446 0.011458
1 0.053765 0.375000 0.004981 0.007292
1 0.050835 0.365104 0.004395 0.004167
1 0.037943 0.360156 0.003223 0.006771
1 0.049663 0.350000 0.004981 0.007292
1 0.022414 0.339062 0.003223 0.007292
1 0.015382 0.297396 0.004981 0.009375
1 0.046294 0.320833 0.002344 0.004167
1 0.060797 0.310417 0.004981 0.005208
1 0.075593 0.311979 0.005274 0.009375
1 0.034574 0.298438 0.005860 0.009375
1 0.059039 0.277604 0.004395 0.007292
1 0.069440 0.280469 0.002344 0.006771
1 0.091122 0.328125 0.004102 0.010417
1 0.094931 0.336979 0.003516 0.008333
1 0.081453 0.267188 0.002930 0.006250
1 0.099473 0.344271 0.004981 0.011458
1 0.123498 0.374479 0.003809 0.007292
1 0.134925 0.355729 0.004395 0.008333
1 0.137709 0.361458 0.002344 0.006250
1 0.115294 0.337760 0.004395 0.006771
1 0.113976 0.326562 0.003516 0.013542
1 0.143862 0.395573 0.004102 0.007812
1 0.158219 0.386979 0.002930 0.012500
1 0.144155 0.370833 0.003516 0.009375
1 0.164518 0.351562 0.007911 0.011458
1 0.127454 0.348698 0.002930 0.007812
1 0.152066 0.351823 0.004102 0.006771
1 0.199531 0.383854 0.004688 0.011458
1 0.118664 0.305729 0.004688 0.009375
1 0.110607 0.300260 0.003809 0.007812
1 0.113683 0.293750 0.003516 0.008333
1 0.109435 0.282031 0.003809 0.009896
1 0.170085 0.322135 0.003223 0.007812
1 0.181805 0.288281 0.009083 0.008854
1 0.200703 0.276302 0.002344 0.007812
1 0.185174 0.259115 0.003516 0.007812
1 0.189716 0.283854 0.002637 0.007292
1 0.168473 0.285417 0.002930 0.006250
1 0.129651 0.272396 0.003223 0.005208
1 0.163639 0.255208 0.005567 0.005208
1 0.169352 0.261719 0.003516 0.003646
1 0.123791 0.254427 0.002637 0.006771
1 0.112657 0.260417 0.002637 0.007292
1 0.060357 0.230469 0.003516 0.008854
1 0.131116 0.310937 0.003223 0.005208
1 0.212716 0.312240 0.002930 0.004687
1 0.232933 0.250000 0.004688 0.008333
1 0.241576 0.275521 0.002637 0.007292
1 0.242748 0.243229 0.003809 0.006250
1 0.181658 0.304427 0.002344 0.006771
1 0.205977 0.261719 0.005860 0.015104
1 0.249927 0.252344 0.002344 0.006771
1 0.255640 0.313802 0.002637 0.008854
1 0.260475 0.257552 0.002344 0.005729
1 0.264430 0.258854 0.003223 0.005208
1 0.234398 0.297135 0.003516 0.004687
1 0.232640 0.327083 0.003516 0.006250
1 0.229124 0.229687 0.002930 0.009375
1 0.243481 0.292969 0.002930 0.006771
1 0.269851 0.229948 0.002930 0.005729
1 0.276297 0.251823 0.004102 0.006771
1 0.276883 0.233073 0.001758 0.005729
1 0.268825 0.290365 0.002637 0.005729
1 0.283328 0.255729 0.003516 0.008333
1 0.288163 0.225781 0.004981 0.006771
1 0.300762 0.234635 0.002637 0.004687
1 0.307208 0.239063 0.002637 0.007292
1 0.324934 0.296354 0.002930 0.007292
1 0.304278 0.298177 0.005567 0.006771
1 0.283768 0.327344 0.003223 0.006771
1 0.329622 0.305469 0.004102 0.007812
1 0.338412 0.254948 0.002930 0.006771
1 0.334163 0.287500 0.003223 0.006250
1 0.347202 0.264844 0.004102 0.005729
1 0.348081 0.257812 0.002344 0.006250
1 0.333870 0.232292 0.003223 0.008333
1 0.360094 0.203125 0.003516 0.008333
1 0.372693 0.217188 0.002930 0.007292
1 0.384413 0.279687 0.004688 0.006250
1 0.207882 0.352604 0.006153 0.011458
1 0.209493 0.398958 0.005274 0.008333
1 0.148110 0.459896 0.006153 0.011458
1 0.207882 0.418750 0.004395 0.007292
1 0.165690 0.478125 0.003223 0.009375
1 0.228098 0.384115 0.004395 0.007812
1 0.186932 0.430208 0.004688 0.007292
1 0.211984 0.436979 0.003809 0.005208
1 0.261061 0.347135 0.005274 0.006771
1 0.223703 0.477083 0.004395 0.012500
1 0.263112 0.421094 0.004688 0.007812
1 0.155728 0.513802 0.008497 0.014063
1 0.173308 0.504948 0.005567 0.009896
1 0.201289 0.484115 0.005274 0.010937
1 0.215500 0.522396 0.003223 0.014583
1 0.216379 0.530990 0.006739 0.013021
1 0.156461 0.633594 0.005860 0.011979
1 0.182977 0.617448 0.004981 0.015104
1 0.260182 0.597135 0.007618 0.009896
1 0.293290 0.594010 0.004688 0.011979
1 0.294316 0.638802 0.005567 0.009896
1 0.353941 0.600260 0.004688 0.008854
1 0.341488 0.635417 0.005567 0.011458
1 0.341635 0.649219 0.005274 0.006771
1 0.345590 0.721875 0.007911 0.017708
1 0.395546 0.648958 0.005860 0.007292
1 0.410343 0.642969 0.004981 0.015104
1 0.269704 0.533333 0.004395 0.007292
1 0.263405 0.544792 0.005274 0.006250
1 0.313507 0.520573 0.007618 0.006771
1 0.291239 0.551562 0.004102 0.007292
1 0.334163 0.552604 0.003809 0.013542
1 0.376795 0.535677 0.008204 0.015104
1 0.276150 0.455729 0.007911 0.019792
1 0.278787 0.473177 0.008497 0.007812
1 0.403311 0.515104 0.003809 0.011458
1 0.280691 0.369792 0.002930 0.010417
1 0.276443 0.391406 0.002637 0.009896
1 0.292558 0.386198 0.005567 0.005729
1 0.305450 0.367969 0.006153 0.008854
1 0.293876 0.359115 0.004102 0.011979
1 0.313947 0.359896 0.003223 0.010417
1 0.319367 0.378385 0.003516 0.006771
1 0.330794 0.355208 0.004688 0.007292
1 0.335482 0.358594 0.002930 0.009896
1 0.344272 0.397396 0.004102 0.014583
1 0.335189 0.432031 0.003516 0.005729
1 0.343100 0.460938 0.008790 0.012500
1 0.418547 0.176823 0.002051 0.007812
1 0.424846 0.183854 0.001758 0.007292
1 0.449018 0.243750 0.004395 0.004167
1 0.442719 0.185938 0.003516 0.004167
1 0.477293 0.207031 0.003516 0.004687
1 0.467331 0.265885 0.002930 0.011979
1 0.444184 0.262500 0.002344 0.006250
1 0.445356 0.255208 0.003516 0.006250
1 0.457076 0.250521 0.002344 0.006250
1 0.467917 0.218750 0.002344 0.005208
1 0.347788 0.312500 0.006446 0.008333
1 0.381922 0.292448 0.004981 0.006771
1 0.395839 0.295312 0.007618 0.009375
1 0.395546 0.324740 0.005860 0.004687
1 0.387636 0.326823 0.003516 0.006771
1 0.384999 0.342448 0.004102 0.007812
1 0.403457 0.274479 0.002930 0.006250
1 0.412540 0.287240 0.002930 0.005729
1 0.410050 0.314323 0.002637 0.006771
1 0.430267 0.299740 0.003223 0.006771
1 0.408731 0.366146 0.005860 0.007292
1 0.408438 0.345313 0.004102 0.005208
1 0.383534 0.380729 0.006446 0.006250
1 0.419279 0.330208 0.003516 0.008333
1 0.466452 0.277865 0.002930 0.006771
1 0.434808 0.317969 0.004688 0.004687
1 0.471579 0.306250 0.003223 0.006250
1 0.437299 0.350000 0.003809 0.006250
1 0.484471 0.272396 0.003223 0.007292
1 0.449018 0.364583 0.002637 0.008333
1 0.453853 0.295312 0.003516 0.005208
1 0.462203 0.315365 0.003809 0.005729
1 0.457076 0.308333 0.004688 0.010417
1 0.422356 0.380208 0.004981 0.008333
1 0.413566 0.409375 0.004981 0.008333
1 0.393642 0.405990 0.003809 0.006771
1 0.459566 0.372135 0.004981 0.004687
1 0.456783 0.388542 0.003516 0.009375
1 0.434515 0.406510 0.005860 0.004687
1 0.381483 0.414844 0.004102 0.010937
1 0.360680 0.402083 0.004688 0.005208
1 0.378260 0.486719 0.006446 0.011979
1 0.345737 0.485417 0.005860 0.006250
1 0.359801 0.471354 0.004688 0.007292
1 0.363610 0.459635 0.005274 0.005729
1 0.401699 0.470313 0.004102 0.011458
1 0.376502 0.438021 0.003516 0.006250
1 0.377234 0.460938 0.003809 0.005208
1 0.427923 0.436719 0.003809 0.008854
1 0.446821 0.462240 0.005274 0.006771
1 0.445502 0.492448 0.005567 0.005729
1 0.465719 0.508333 0.006739 0.012500
1 0.459127 0.555729 0.005274 0.009375
1 0.462057 0.532292 0.004102 0.011458
1 0.445063 0.614844 0.007618 0.007812
1 0.468503 0.597917 0.004688 0.010417
1 0.490185 0.724219 0.005860 0.021354
1 0.562115 0.695833 0.006153 0.015625
1 0.578963 0.647917 0.005860 0.012500
1 0.509669 0.629167 0.008497 0.009375
1 0.533841 0.642188 0.009962 0.018750
1 0.555523 0.638021 0.004102 0.012500
1 0.497803 0.545573 0.007032 0.008854
1 0.506153 0.560156 0.004395 0.008854
1 0.527102 0.568490 0.005274 0.011979
1 0.505860 0.484375 0.003809 0.009375
1 0.498828 0.496615 0.003223 0.009896
1 0.515529 0.464844 0.005567 0.013021
1 0.520949 0.407813 0.002344 0.010417
1 0.592441 0.529948 0.003516 0.015104
1 0.583065 0.481250 0.005860 0.012500
1 0.528128 0.496354 0.004981 0.009375
1 0.510841 0.402083 0.002637 0.010417
1 0.495898 0.442708 0.004395 0.006250
1 0.510401 0.423698 0.003516 0.005729
1 0.497363 0.412500 0.003809 0.007292
1 0.491503 0.385677 0.005567 0.006771
1 0.484032 0.357552 0.013478 0.025521
1 0.516408 0.348438 0.003809 0.012500
1 0.507178 0.325000 0.002344 0.012500
1 0.491210 0.391406 0.004981 0.007812
1 0.476707 0.378125 0.002930 0.010417
1 0.489013 0.185938 0.003516 0.007292
1 0.486229 0.198437 0.006153 0.008333
1 0.501172 0.200521 0.003809 0.003125
1 0.492822 0.228125 0.003516 0.006250
1 0.506299 0.178646 0.002930 0.005208
1 0.514210 0.177865 0.001758 0.006771
1 0.519338 0.168490 0.003809 0.005729
1 0.516701 0.204167 0.002051 0.007292
1 0.514064 0.229687 0.003223 0.004167
1 0.510108 0.251823 0.001758 0.007812
1 0.496777 0.272396 0.003223 0.003125
1 0.523440 0.246094 0.004395 0.004687
1 0.538969 0.227604 0.003809 0.007292
1 0.549224 0.177083 0.002637 0.006250
1 0.529007 0.242708 0.003223 0.004167
1 0.523440 0.271615 0.002637 0.005729
1 0.493115 0.341927 0.012306 0.018229
1 0.513624 0.308854 0.004102 0.009375
1 0.520363 0.308333 0.004688 0.007292
1 0.538090 0.306250 0.002637 0.009375
1 0.546294 0.307292 0.003809 0.007292
1 0.549810 0.228125 0.002637 0.005208
1 0.572517 0.203385 0.004102 0.004687
1 0.564020 0.242448 0.004102 0.005729
1 0.546733 0.334896 0.003516 0.009375
1 0.550542 0.340625 0.002930 0.005208
1 0.570759 0.375000 0.005274 0.006250
1 0.574714 0.408073 0.003223 0.008854
1 0.537211 0.420052 0.009669 0.025521
1 0.546733 0.427604 0.006446 0.010417
1 0.576179 0.324219 0.003809 0.006771
1 0.598887 0.321354 0.005860 0.006250
1 0.566510 0.431771 0.003809 0.008333
1 0.600352 0.379167 0.002344 0.009375
1 0.637269 0.363802 0.004102 0.008854
1 0.632728 0.314323 0.004981 0.005729
1 0.635804 0.316927 0.002344 0.006771
1 0.670964 0.349219 0.004102 0.005729
1 0.682684 0.376302 0.004688 0.006771
1 0.661735 0.385937 0.006153 0.009375
1 0.667741 0.413281 0.003516 0.008854
1 0.620568 0.495052 0.005860 0.010937
1 0.617785 0.562240 0.004395 0.025521
1 0.669059 0.536719 0.003809 0.010937
1 0.664079 0.594792 0.005567 0.018750
1 0.690302 0.629167 0.003516 0.017708
1 0.700264 0.486979 0.008204 0.010417
1 0.712863 0.406771 0.002930 0.009375
1 0.668913 0.233854 0.004102 0.005208
1 0.670964 0.215625 0.004102 0.007292
1 0.684002 0.234635 0.004395 0.008854
1 0.686346 0.283333 0.003809 0.004167
1 0.717990 0.283594 0.004395 0.003646
1 0.717990 0.289062 0.003809 0.006250
1 0.740404 0.277344 0.004688 0.005729
1 0.719895 0.315365 0.002930 0.011979
1 0.697187 0.313802 0.002051 0.006771
1 0.701436 0.333073 0.002930 0.014063
1 0.697920 0.348177 0.002930 0.007812
1 0.709347 0.360417 0.003516 0.008333
1 0.717990 0.326042 0.005567 0.008333
1 0.734984 0.342708 0.002637 0.007292
1 0.744360 0.327083 0.006739 0.007292
1 0.770876 0.310677 0.002344 0.011979
1 0.753736 0.338802 0.004981 0.006771
1 0.752417 0.349479 0.004688 0.006250
1 0.712423 0.376302 0.003809 0.006771
1 0.586581 0.246875 0.004688 0.006250
1 0.604893 0.265885 0.003223 0.013021
1 0.623059 0.285417 0.003223 0.006250
1 0.601377 0.303125 0.003223 0.007292
1 0.595224 0.229687 0.004395 0.004167
1 0.630091 0.239063 0.004981 0.004167
1 0.644155 0.237240 0.003223 0.004687
1 0.653238 0.277604 0.004981 0.004167
1 0.790214 0.237240 0.004688 0.004687
1 0.827132 0.253385 0.005274 0.005729
1 0.830648 0.293229 0.004688 0.005208
1 0.834896 0.340365 0.005567 0.005729
1 0.833577 0.379167 0.004688 0.012500
1 0.842367 0.360938 0.004688 0.007292
1 0.845004 0.380469 0.006446 0.009896
1 0.885292 0.292969 0.004981 0.011979
1 0.881483 0.351302 0.003809 0.009896
1 0.916056 0.311198 0.003809 0.013021
1 0.901553 0.345573 0.004102 0.006771
1 0.920305 0.334375 0.004102 0.007292
1 0.908731 0.356771 0.004395 0.005208
1 0.956343 0.344531 0.003516 0.010937
1 0.788016 0.461198 0.003809 0.019271
1 0.767946 0.465104 0.002930 0.008333
1 0.772927 0.471875 0.006446 0.013542
1 0.787137 0.489583 0.003809 0.011458
