1 0.590885 0.063889 0.006250 0.027778
1 0.581641 0.073611 0.007552 0.025000
1 0.585677 0.107176 0.006250 0.026389
1 0.609375 0.117361 0.010937 0.023611
1 0.575651 0.140509 0.008594 0.024537
1 0.617448 0.194907 0.006250 0.022222
1 0.593490 0.195139 0.012500 0.028241
1 0.643880 0.242593 0.011719 0.015741
1 0.594661 0.261111 0.007031 0.026852
1 0.639323 0.309491 0.006771 0.031944
1 0.577865 0.312037 0.017188 0.020370
1 0.449740 0.084954 0.009375 0.021759
1 0.420573 0.113194 0.007292 0.023611
1 0.388542 0.198148 0.013021 0.026852
1 0.319792 0.226852 0.006771 0.039815
1 0.345964 0.263194 0.009635 0.031019
1 0.472396 0.396991 0.010417 0.033796
1 0.514974 0.377546 0.013802 0.032870
1 0.554948 0.452546 0.017708 0.026389
1 0.399740 0.439120 0.018750 0.019907
1 0.483854 0.538194 0.017188 0.016204
1 0.445443 0.778241 0.015365 0.015741
1 0.476302 0.828935 0.006771 0.025463
1 0.722135 0.956019 0.006250 0.027778
1 0.776693 0.985880 0.009635 0.028241
1 0.278125 0.513426 0.007812 0.029630
