1 0.589453 0.078472 0.005990 0.030093
1 0.579948 0.089120 0.006771 0.027315
1 0.585026 0.121759 0.003906 0.028704
1 0.608203 0.131713 0.008073 0.023611
1 0.616667 0.209028 0.005208 0.022685
1 0.642318 0.256019 0.010677 0.013889
1 0.591797 0.211111 0.010156 0.028704
1 0.565885 0.190509 0.004167 0.024537
1 0.448307 0.101157 0.007552 0.022685
1 0.419792 0.129630 0.004687 0.023148
1 0.417057 0.258565 0.005990 0.019907
1 0.471354 0.255324 0.007812 0.018056
1 0.502734 0.296065 0.007552 0.021759
1 0.594922 0.275231 0.003906 0.027315
1 0.638672 0.323148 0.005990 0.032407
1 0.387760 0.214815 0.011458 0.026852
1 0.370573 0.180324 0.005208 0.018056
1 0.380729 0.341204 0.006771 0.013889
1 0.577865 0.325694 0.012500 0.018056
1 0.318880 0.244444 0.005990 0.040741
1 0.344922 0.279630 0.008594 0.029630
1 0.335156 0.397917 0.008333 0.023611
1 0.278255 0.445833 0.008073 0.016667
1 0.400130 0.455556 0.016406 0.020370
1 0.437630 0.386806 0.008594 0.015278
1 0.471354 0.412963 0.008333 0.036111
1 0.512370 0.395370 0.007031 0.033333
1 0.553255 0.467361 0.014844 0.029167
1 0.278776 0.528704 0.007031 0.026852
1 0.484115 0.491435 0.008333 0.017130
1 0.482292 0.554398 0.016146 0.018981
1 0.360286 0.528935 0.012760 0.017130
1 0.322917 0.591435 0.006771 0.019907
1 0.452083 0.608102 0.009375 0.015278
1 0.253646 0.717130 0.011979 0.013889
1 0.345313 0.706944 0.006250 0.017593
1 0.446354 0.792361 0.013021 0.019907
1 0.478646 0.841898 0.005208 0.028241
1 0.493099 0.904861 0.009635 0.018981
1 0.528516 0.862269 0.006510 0.020833
1 0.601432 0.973611 0.009635 0.016667
1 0.724349 0.963426 0.005469 0.027778
1 0.778125 0.988194 0.007812 0.023611
