1 0.004102 0.655990 0.007618 0.045312
1 0.038383 0.621875 0.007618 0.036458
1 0.063873 0.605729 0.011134 0.038542
1 0.058599 0.688542 0.019924 0.059375
1 0.083797 0.592448 0.006446 0.027604
1 0.102549 0.612760 0.011134 0.033854
1 0.135365 0.584115 0.008790 0.016146
1 0.099766 0.533854 0.007325 0.007292
1 0.103868 0.552604 0.003809 0.014583
0 0.119689 0.546615 0.009083 0.011979
0 0.113097 0.537240 0.007032 0.011979
0 0.136537 0.532552 0.005274 0.009896
0 0.130823 0.547396 0.008497 0.013542
1 0.176970 0.548698 0.006446 0.017188
0 0.184735 0.577344 0.012013 0.018229
1 0.190595 0.550000 0.004981 0.018750
1 0.192792 0.546094 0.005860 0.017188
0 0.200557 0.535156 0.007325 0.009896
1 0.208761 0.547135 0.005567 0.011979
1 0.220334 0.546615 0.004102 0.011979
1 0.200410 0.649740 0.015236 0.052604
1 0.238353 0.645052 0.016701 0.044271
1 0.247290 0.546615 0.006446 0.022396
0 0.252857 0.573438 0.011720 0.013542
1 0.255494 0.584635 0.007618 0.021354
1 0.267507 0.539062 0.004102 0.016667
0 0.280252 0.545573 0.010255 0.016146
1 0.266921 0.602865 0.012892 0.031771
1 0.288602 0.569010 0.005860 0.022396
1 0.297685 0.550260 0.005860 0.015104
1 0.318195 0.593750 0.006446 0.023958
1 0.326106 0.601042 0.008204 0.020833
1 0.310138 0.661719 0.009669 0.035937
1 0.340316 0.528385 0.004395 0.009896
1 0.359801 0.535417 0.004688 0.015625
1 0.348374 0.571094 0.005860 0.017188
1 0.362438 0.570833 0.004688 0.025000
1 0.365807 0.593229 0.008497 0.021875
1 0.375330 0.575781 0.007032 0.021354
1 0.388661 0.546354 0.005567 0.012500
1 0.388222 0.583854 0.007618 0.023958
1 0.392470 0.634115 0.010841 0.038021
1 0.401699 0.667969 0.019338 0.071354
1 0.438764 0.613542 0.013771 0.034375
1 0.460445 0.616146 0.006739 0.045833
1 0.492675 0.630208 0.011427 0.046875
1 0.523440 0.596354 0.007911 0.027083
1 0.532816 0.585938 0.004395 0.019792
1 0.542631 0.588021 0.008204 0.021875
1 0.562115 0.620052 0.012599 0.023438
1 0.601231 0.600000 0.011720 0.033333
1 0.633900 0.640365 0.016701 0.036979
0 0.678435 0.597917 0.008497 0.029167
1 0.676970 0.620833 0.015529 0.016667
1 0.794023 0.560937 0.006446 0.020833
1 0.861559 0.566146 0.005567 0.017708
1 0.179021 0.724219 0.022268 0.065104
1 0.056255 0.547917 0.005860 0.017708
1 0.069733 0.539062 0.003516 0.016667
1 0.071491 0.549479 0.005274 0.017708
1 0.079402 0.542188 0.006446 0.015625
0 0.115880 0.535677 0.006739 0.008854
1 0.132288 0.537760 0.004981 0.015104
1 0.141957 0.531771 0.005567 0.008333
0 0.144448 0.528385 0.003516 0.006771
0 0.163053 0.535677 0.004981 0.011979
0 0.161735 0.527083 0.008204 0.008333
0 0.155142 0.540104 0.009083 0.013542
1 0.168620 0.537760 0.007325 0.008854
0 0.176238 0.533594 0.004395 0.006771
1 0.178142 0.544531 0.007618 0.014063
1 0.185907 0.532552 0.006153 0.006771
0 0.208614 0.530208 0.004688 0.009375
1 0.232640 0.537760 0.004688 0.009896
0 0.236449 0.531250 0.005274 0.009375
0 0.233372 0.532813 0.005567 0.009375
0 0.238060 0.527344 0.004395 0.009896
0 0.244506 0.528125 0.006739 0.008333
0 0.260914 0.528646 0.004981 0.007292
