1 0.006299 0.655469 0.012013 0.047396
1 0.040580 0.623698 0.008497 0.036979
1 0.052593 0.548958 0.007325 0.019792
1 0.065338 0.606771 0.011720 0.039583
1 0.066217 0.686458 0.020510 0.058333
1 0.065631 0.540104 0.004688 0.016667
1 0.067682 0.549740 0.005860 0.016146
1 0.076033 0.542708 0.007325 0.018750
1 0.083358 0.593750 0.007325 0.027083
1 0.104161 0.613281 0.012599 0.033854
1 0.094931 0.534115 0.007618 0.006771
1 0.101084 0.554167 0.004102 0.016667
1 0.134193 0.584635 0.008790 0.018229
0 0.108409 0.538021 0.007032 0.012500
0 0.110900 0.534115 0.006739 0.010937
0 0.115734 0.546354 0.010548 0.013542
0 0.126868 0.547917 0.011134 0.015625
0 0.139760 0.529687 0.003516 0.009375
0 0.151187 0.540885 0.011134 0.016146
0 0.159391 0.536458 0.006446 0.014583
0 0.184881 0.579948 0.012306 0.023438
1 0.174040 0.549740 0.007618 0.017188
1 0.176238 0.545833 0.005567 0.014583
1 0.188837 0.550000 0.007911 0.021875
0 0.197334 0.536198 0.007325 0.009896
1 0.205831 0.548698 0.006153 0.014063
1 0.204952 0.645833 0.017287 0.047917
1 0.217404 0.547396 0.005860 0.014583
1 0.243627 0.548177 0.006153 0.025521
1 0.240990 0.645312 0.017287 0.046875
1 0.251978 0.573698 0.012892 0.015104
1 0.254468 0.585156 0.009083 0.022396
1 0.263844 0.540104 0.004981 0.018750
0 0.277176 0.545312 0.009962 0.015625
1 0.294609 0.552083 0.006739 0.016667
1 0.268093 0.603646 0.012306 0.032292
1 0.286405 0.571354 0.006153 0.027083
1 0.313361 0.658594 0.009669 0.030729
1 0.317463 0.595052 0.007325 0.027604
1 0.326253 0.602604 0.007325 0.023958
1 0.336068 0.528646 0.004688 0.012500
1 0.356578 0.536458 0.005860 0.016667
1 0.346616 0.572135 0.007618 0.019271
1 0.360680 0.571094 0.006446 0.026562
1 0.365661 0.592708 0.009376 0.022917
1 0.385585 0.546094 0.007032 0.015104
1 0.373865 0.576042 0.007032 0.023958
1 0.387050 0.583073 0.008204 0.024479
1 0.394521 0.630990 0.009083 0.034896
1 0.404190 0.659375 0.020217 0.056250
1 0.439350 0.609896 0.012013 0.027083
1 0.460152 0.614062 0.006739 0.041667
1 0.491796 0.626563 0.013185 0.039583
1 0.521828 0.595052 0.008204 0.022396
1 0.531058 0.586719 0.006153 0.021354
1 0.540287 0.588802 0.009376 0.025521
1 0.559625 0.620052 0.011134 0.028646
1 0.598594 0.599740 0.011720 0.032813
1 0.632435 0.637760 0.015529 0.034896
0 0.675359 0.597135 0.009962 0.030729
1 0.673601 0.620052 0.015822 0.015104
1 0.788016 0.560937 0.007911 0.020833
1 0.854234 0.565104 0.006153 0.016667
0 0.181805 0.532813 0.006153 0.008333
0 0.229270 0.532292 0.003809 0.009375
0 0.232347 0.530990 0.004102 0.007812
0 0.240404 0.529167 0.007911 0.009375
0 0.131702 0.533333 0.006153 0.009375
0 0.137416 0.532292 0.006446 0.008333
0 0.256226 0.528125 0.003809 0.007292
0 0.212130 0.527083 0.002930 0.008333
0 0.156314 0.529427 0.007325 0.007812
0 0.172282 0.533854 0.004688 0.007292
0 0.164958 0.538021 0.007618 0.009375
0 0.204952 0.529948 0.004395 0.007812
0 0.184295 0.528646 0.002930 0.007292
0 0.190888 0.531510 0.003809 0.007812
0 0.228977 0.538802 0.004981 0.008854
0 0.215939 0.528125 0.003516 0.007292
1 0.128479 0.538021 0.004395 0.015625
1 0.211251 0.533854 0.009376 0.010417
1 0.251099 0.527865 0.002930 0.006771
