1 0.601302 0.074537 0.007812 0.025926
1 0.462891 0.101157 0.007031 0.023611
1 0.434635 0.129398 0.008333 0.022685
1 0.386198 0.181481 0.005729 0.022222
1 0.334766 0.247454 0.008073 0.039352
1 0.403255 0.214815 0.012240 0.027778
1 0.361458 0.280556 0.009375 0.031481
1 0.593620 0.084259 0.007552 0.025000
1 0.622656 0.127315 0.009375 0.024074
1 0.598828 0.117361 0.008073 0.027315
1 0.587760 0.153704 0.005208 0.018519
1 0.608203 0.207176 0.011198 0.030093
1 0.632292 0.205324 0.007292 0.023611
1 0.434635 0.259259 0.008333 0.019444
1 0.354036 0.399074 0.009635 0.023148
1 0.658594 0.252083 0.010937 0.012500
1 0.655859 0.318287 0.006510 0.032870
1 0.593490 0.321296 0.015104 0.021296
1 0.530339 0.393519 0.007031 0.028704
1 0.489974 0.411343 0.009115 0.034722
1 0.572917 0.462500 0.016146 0.031481
1 0.295182 0.451620 0.009635 0.015278
1 0.297266 0.534491 0.007552 0.030093
1 0.419010 0.457407 0.016146 0.020370
1 0.502865 0.554167 0.017188 0.016667
1 0.469271 0.795370 0.013542 0.019444
1 0.499089 0.844907 0.009635 0.030556
1 0.551302 0.862269 0.007292 0.018981
1 0.802995 0.983102 0.008073 0.029167
1 0.748828 0.962269 0.008073 0.024537
1 0.517839 0.907176 0.008594 0.016204
