1 0.600651 0.072917 0.006510 0.028241
1 0.597135 0.114815 0.006771 0.029630
1 0.592578 0.081713 0.008073 0.025463
1 0.401693 0.211111 0.014323 0.026852
1 0.461458 0.098380 0.007292 0.023611
1 0.333203 0.243750 0.007552 0.043056
1 0.385026 0.178704 0.006510 0.021296
1 0.360156 0.275231 0.008854 0.028241
1 0.351953 0.395833 0.009115 0.023148
1 0.396224 0.339583 0.007552 0.019907
1 0.621484 0.123843 0.009635 0.022685
1 0.586198 0.151620 0.005208 0.020833
1 0.630469 0.203009 0.006771 0.023611
1 0.432552 0.256019 0.006250 0.019444
1 0.528776 0.390741 0.005990 0.029630
1 0.489323 0.408565 0.009896 0.037500
1 0.654036 0.316667 0.006510 0.031481
1 0.606120 0.204167 0.011198 0.028704
1 0.592708 0.319213 0.013542 0.020833
1 0.571615 0.459028 0.018229 0.030093
1 0.293880 0.446528 0.010677 0.015278
1 0.295833 0.530556 0.008333 0.028704
1 0.417187 0.452778 0.017188 0.019444
1 0.500391 0.550926 0.019010 0.017593
1 0.471354 0.607639 0.011458 0.011574
1 0.467969 0.792824 0.015104 0.018981
1 0.499089 0.841435 0.009115 0.027315
1 0.624479 0.968056 0.015104 0.015741
1 0.802083 0.980787 0.006771 0.025463
