1 0.004395 0.655469 0.008204 0.044271
1 0.039262 0.622135 0.008204 0.035937
1 0.064313 0.607031 0.010841 0.041146
1 0.059625 0.690885 0.020217 0.066146
1 0.055816 0.548177 0.006739 0.018229
1 0.069294 0.538802 0.004395 0.015104
1 0.079256 0.541667 0.006739 0.016667
1 0.070759 0.549219 0.004981 0.015104
1 0.083651 0.592969 0.006739 0.026562
1 0.099326 0.533854 0.007032 0.006250
1 0.103135 0.612500 0.010548 0.033333
1 0.103721 0.552865 0.004102 0.016146
0 0.112511 0.536458 0.007032 0.011458
0 0.115148 0.535417 0.007032 0.010417
0 0.117931 0.543490 0.011427 0.017188
0 0.130530 0.547656 0.009083 0.016146
1 0.135072 0.584375 0.008790 0.016667
1 0.176970 0.548958 0.006446 0.019792
1 0.190009 0.549740 0.004981 0.019271
1 0.192499 0.546354 0.006446 0.015625
0 0.184735 0.578906 0.012013 0.020313
0 0.199971 0.535156 0.007911 0.009896
1 0.208468 0.548177 0.006153 0.013021
1 0.219748 0.547135 0.004688 0.011979
1 0.200850 0.650000 0.016115 0.055208
1 0.238207 0.643490 0.016994 0.045312
1 0.246557 0.546875 0.006153 0.022917
1 0.266774 0.539323 0.004395 0.018229
0 0.253150 0.574219 0.011720 0.014063
1 0.255347 0.584115 0.007911 0.022396
1 0.267360 0.603125 0.012599 0.031250
0 0.279519 0.545833 0.009376 0.017708
1 0.297246 0.550521 0.004981 0.015625
1 0.287870 0.569792 0.006153 0.026042
1 0.318488 0.593750 0.006446 0.025000
1 0.325960 0.601302 0.007325 0.021354
1 0.310724 0.661458 0.009669 0.034375
1 0.339730 0.528906 0.003809 0.009896
1 0.348520 0.571094 0.006153 0.017188
1 0.359508 0.535677 0.004688 0.015104
1 0.362145 0.570833 0.005274 0.025000
1 0.365661 0.592708 0.008790 0.022917
1 0.388222 0.546094 0.005274 0.014063
1 0.374890 0.576042 0.006153 0.022917
1 0.388075 0.583333 0.007911 0.023958
1 0.392616 0.633333 0.010548 0.037500
1 0.401406 0.660677 0.020510 0.057813
1 0.438617 0.609635 0.012892 0.027604
1 0.460152 0.612240 0.006739 0.036979
1 0.492822 0.627865 0.011134 0.040104
1 0.523000 0.597135 0.007032 0.028646
1 0.532523 0.586458 0.004981 0.020833
1 0.542192 0.587240 0.008497 0.023438
1 0.562555 0.618490 0.011720 0.023438
1 0.600498 0.600781 0.010841 0.035937
1 0.633607 0.640885 0.016701 0.040104
0 0.677849 0.598437 0.009083 0.029167
1 0.676091 0.621094 0.015529 0.017188
1 0.793144 0.560417 0.006446 0.020833
1 0.860240 0.566927 0.006446 0.019271
1 0.180926 0.730208 0.020803 0.077083
1 0.131995 0.537760 0.004981 0.015104
0 0.128040 0.536198 0.005274 0.008854
0 0.135951 0.533594 0.005860 0.009896
0 0.141518 0.532552 0.006446 0.007812
0 0.144155 0.529167 0.004688 0.007292
1 0.148550 0.536198 0.006446 0.008854
0 0.155142 0.540365 0.009083 0.011979
0 0.162760 0.535937 0.005567 0.011458
0 0.168473 0.538542 0.007618 0.010417
1 0.168327 0.532292 0.005567 0.006250
0 0.160709 0.528906 0.006739 0.008854
1 0.177410 0.545312 0.007911 0.014583
1 0.185174 0.533073 0.005860 0.005729
0 0.188397 0.528646 0.003516 0.007292
0 0.194697 0.530208 0.003223 0.008333
0 0.208614 0.530729 0.004688 0.008333
1 0.232200 0.538021 0.004981 0.008333
0 0.232933 0.532552 0.004688 0.008854
0 0.236156 0.530208 0.004102 0.009375
0 0.244213 0.528646 0.006153 0.008333
0 0.260035 0.527604 0.004395 0.007292
