1 0.590365 0.070139 0.006250 0.027315
1 0.580990 0.079398 0.007812 0.026389
1 0.585677 0.114120 0.004687 0.029167
1 0.608984 0.122685 0.009115 0.025926
1 0.617448 0.200926 0.006250 0.025000
1 0.449089 0.092593 0.007552 0.024074
1 0.593359 0.201620 0.011719 0.030093
1 0.639974 0.313194 0.007552 0.034722
1 0.644271 0.247685 0.012500 0.015741
1 0.420703 0.119907 0.007031 0.026852
1 0.319661 0.234259 0.006510 0.041667
1 0.388802 0.204167 0.012500 0.025926
1 0.345703 0.269907 0.009635 0.030556
1 0.471745 0.402546 0.010677 0.036574
1 0.554036 0.456481 0.015365 0.029630
1 0.478516 0.833333 0.004948 0.027778
1 0.723828 0.956713 0.005990 0.029167
1 0.577214 0.317593 0.012760 0.020370
1 0.503776 0.286574 0.007552 0.021296
1 0.417578 0.250694 0.006510 0.021759
1 0.335677 0.386343 0.009896 0.022685
1 0.400130 0.444907 0.016406 0.020370
1 0.595703 0.266435 0.004948 0.027315
1 0.482682 0.544676 0.015365 0.016204
1 0.278125 0.519213 0.006250 0.026389
1 0.447005 0.782870 0.013802 0.020370
1 0.777865 0.983102 0.007812 0.028241
1 0.528125 0.852083 0.006250 0.018056
1 0.494401 0.895833 0.007552 0.014815
1 0.253906 0.706481 0.010417 0.015741
1 0.279167 0.434722 0.008333 0.019444
1 0.360417 0.519444 0.010937 0.020370
1 0.513411 0.386343 0.007031 0.031019
1 0.573958 0.149074 0.005729 0.022222
1 0.381120 0.332639 0.007552 0.018056
1 0.438281 0.375926 0.008333 0.013889
