1 0.599609 0.066667 0.008073 0.028704
1 0.591016 0.076620 0.008073 0.027315
1 0.596094 0.110417 0.006250 0.027315
1 0.460417 0.091898 0.007812 0.021759
1 0.432422 0.119213 0.008594 0.020833
1 0.383724 0.171296 0.005990 0.018519
1 0.332422 0.236806 0.007552 0.038426
1 0.400521 0.204630 0.013021 0.026852
1 0.358333 0.270602 0.008333 0.033796
1 0.350521 0.388426 0.011458 0.025000
1 0.292318 0.439815 0.011719 0.016667
1 0.294661 0.523148 0.007552 0.031481
1 0.570573 0.453241 0.017188 0.032407
1 0.620052 0.119444 0.009375 0.022222
1 0.656250 0.244213 0.008333 0.015278
1 0.585156 0.145370 0.006250 0.021296
1 0.605078 0.197685 0.012240 0.025000
1 0.487630 0.400463 0.011719 0.037037
1 0.526823 0.384722 0.007292 0.030556
1 0.499349 0.543287 0.018490 0.018981
1 0.652474 0.310648 0.004948 0.031481
1 0.629557 0.196991 0.005990 0.021759
1 0.607943 0.262500 0.005990 0.028704
1 0.591667 0.312963 0.013021 0.021296
1 0.465495 0.784954 0.014323 0.020833
1 0.496615 0.835880 0.007812 0.028241
