0 0.002490 0.567448 0.004395 0.014063
1 0.058013 0.548177 0.005860 0.017188
1 0.071345 0.538281 0.003223 0.016146
1 0.073249 0.548438 0.005274 0.015625
1 0.081893 0.541927 0.006153 0.015104
1 0.064166 0.606250 0.011134 0.039583
1 0.038529 0.622917 0.007911 0.036458
1 0.003076 0.656771 0.005567 0.042708
1 0.055816 0.689063 0.019631 0.062500
1 0.084090 0.593750 0.007032 0.026042
1 0.101377 0.533854 0.006446 0.006250
1 0.105626 0.553125 0.003223 0.014583
1 0.102110 0.612760 0.010841 0.032813
0 0.114269 0.537500 0.005860 0.010417
0 0.117785 0.535677 0.005860 0.008854
0 0.120715 0.545833 0.010548 0.012500
1 0.136097 0.583854 0.008497 0.016667
0 0.129944 0.536458 0.006153 0.008333
0 0.132142 0.547135 0.008204 0.014063
0 0.138441 0.532292 0.005567 0.009375
0 0.144008 0.531771 0.006153 0.008333
0 0.146352 0.528385 0.003809 0.008854
0 0.163932 0.527083 0.007325 0.007292
0 0.164665 0.536719 0.004688 0.009896
0 0.170671 0.538281 0.007325 0.008854
1 0.178289 0.548177 0.006739 0.018229
1 0.179900 0.544792 0.006446 0.014583
0 0.185614 0.577344 0.011427 0.017188
0 0.157047 0.540365 0.009376 0.011979
1 0.191620 0.550000 0.004688 0.018750
1 0.193964 0.546354 0.005860 0.015625
1 0.187665 0.532552 0.004981 0.006771
0 0.202461 0.535156 0.007032 0.009896
1 0.210372 0.548177 0.005860 0.011979
1 0.221653 0.546875 0.004395 0.012500
0 0.234544 0.538542 0.004981 0.009375
1 0.248022 0.546354 0.005567 0.020833
0 0.246411 0.529427 0.005860 0.007812
0 0.234984 0.532292 0.003516 0.007292
0 0.238353 0.530990 0.004981 0.007812
0 0.217111 0.533594 0.007618 0.009896
0 0.253296 0.574740 0.012013 0.011979
0 0.262379 0.527344 0.004981 0.006771
1 0.269265 0.539583 0.004102 0.017708
1 0.255787 0.585417 0.007618 0.020833
1 0.198945 0.648958 0.015236 0.051042
1 0.237181 0.643229 0.016115 0.039583
0 0.281131 0.544531 0.009083 0.014063
1 0.298857 0.550781 0.005274 0.015104
1 0.289042 0.568750 0.005567 0.022917
1 0.267067 0.603125 0.012013 0.031250
1 0.318488 0.593490 0.005860 0.023438
1 0.326106 0.600781 0.007618 0.021354
1 0.342074 0.527865 0.003809 0.009896
1 0.349253 0.571875 0.006446 0.017708
1 0.361412 0.535677 0.004981 0.015104
1 0.362731 0.570833 0.004688 0.025000
1 0.366540 0.593229 0.007618 0.021875
1 0.389979 0.546354 0.005274 0.013542
1 0.375623 0.576042 0.005860 0.021875
1 0.388954 0.583594 0.007911 0.023438
1 0.421916 0.523698 0.004688 0.007812
1 0.392763 0.633333 0.009669 0.037500
1 0.400527 0.665625 0.019338 0.062500
1 0.438324 0.610417 0.014650 0.027083
1 0.460445 0.613802 0.006739 0.040104
1 0.493261 0.629687 0.010255 0.042708
1 0.524612 0.594531 0.006739 0.021354
1 0.533988 0.586198 0.004981 0.020313
1 0.543657 0.588281 0.008497 0.021354
1 0.563141 0.619792 0.012306 0.022917
1 0.602549 0.599740 0.010841 0.032813
1 0.635218 0.640104 0.016408 0.035417
0 0.680193 0.598698 0.008497 0.028646
1 0.677996 0.621875 0.015236 0.016667
1 0.795927 0.561979 0.007325 0.021875
1 0.863756 0.565885 0.005274 0.018229
1 0.175212 0.723958 0.022268 0.065625
1 0.309259 0.662240 0.010841 0.039062
