1 0.600391 0.068981 0.007031 0.025926
1 0.591927 0.078009 0.007812 0.025463
1 0.460938 0.093981 0.006771 0.022222
1 0.433464 0.122685 0.008594 0.020370
1 0.401042 0.208565 0.014063 0.026389
1 0.333073 0.239583 0.007812 0.041204
1 0.383724 0.174769 0.005469 0.020833
1 0.359115 0.272917 0.010417 0.031944
1 0.432161 0.252083 0.006510 0.019907
1 0.350391 0.391667 0.009115 0.025000
1 0.596484 0.110417 0.004948 0.027315
1 0.620964 0.121759 0.009635 0.023148
1 0.585677 0.148380 0.005208 0.021759
1 0.578906 0.180787 0.004167 0.022685
1 0.630469 0.199074 0.006250 0.023148
1 0.605990 0.199769 0.012500 0.029167
1 0.655990 0.246065 0.010937 0.013426
1 0.653516 0.312500 0.007552 0.031481
1 0.417057 0.446759 0.016406 0.021296
1 0.488281 0.404398 0.010417 0.036574
1 0.527474 0.386111 0.007552 0.029630
1 0.570964 0.455556 0.016406 0.030556
1 0.500391 0.546759 0.016406 0.016667
1 0.592448 0.314815 0.015625 0.018519
1 0.292708 0.442593 0.009896 0.016667
1 0.469792 0.604398 0.011979 0.012500
1 0.466406 0.789815 0.013542 0.017593
1 0.497396 0.837500 0.008854 0.027778
1 0.514062 0.899769 0.011979 0.017130
