1 0.003516 0.655990 0.006446 0.045312
1 0.038822 0.621875 0.007911 0.036458
1 0.057134 0.691667 0.021096 0.069792
1 0.083797 0.592708 0.006446 0.026042
1 0.102110 0.613021 0.011427 0.034375
1 0.135365 0.584115 0.008790 0.017188
0 0.185174 0.578385 0.011720 0.019271
1 0.200117 0.648958 0.016408 0.051042
1 0.177996 0.724740 0.021389 0.067187
1 0.238060 0.642969 0.016115 0.041146
1 0.190448 0.550000 0.004688 0.018750
1 0.192499 0.546615 0.006446 0.016146
0 0.201436 0.535156 0.007325 0.010937
1 0.209200 0.548177 0.005274 0.011979
1 0.247143 0.546615 0.005567 0.021354
0 0.253150 0.574219 0.012306 0.014063
1 0.254761 0.584635 0.007911 0.021354
1 0.268239 0.539062 0.004981 0.016667
1 0.266921 0.603385 0.013478 0.030729
0 0.280105 0.545052 0.009376 0.014063
1 0.288309 0.568750 0.005860 0.023958
1 0.297832 0.549740 0.005567 0.015104
1 0.318049 0.593750 0.006153 0.022917
1 0.326399 0.601302 0.007032 0.021354
1 0.340902 0.528646 0.004395 0.010417
1 0.348960 0.571354 0.006446 0.017708
1 0.360240 0.535417 0.004395 0.014583
1 0.362291 0.570573 0.006153 0.025521
1 0.365807 0.592969 0.007911 0.022396
1 0.375476 0.576042 0.006153 0.021875
1 0.388954 0.545573 0.004981 0.013021
1 0.388222 0.583073 0.007032 0.023438
1 0.392763 0.634375 0.009669 0.038542
1 0.401846 0.665104 0.019045 0.067708
1 0.439203 0.609375 0.011720 0.029167
1 0.460299 0.611979 0.006446 0.037500
1 0.493115 0.629427 0.010548 0.043229
1 0.523586 0.594010 0.007618 0.022396
1 0.533402 0.586719 0.004395 0.020313
1 0.542631 0.588542 0.008790 0.021875
1 0.562408 0.619271 0.013185 0.022917
1 0.601524 0.600521 0.011720 0.035417
1 0.634486 0.639062 0.014943 0.036458
0 0.678875 0.598698 0.008790 0.030729
1 0.676824 0.621094 0.015236 0.017188
1 0.309845 0.659896 0.009669 0.031250
1 0.064020 0.606250 0.011427 0.037500
1 0.056841 0.547656 0.007032 0.017188
1 0.070319 0.539062 0.004102 0.016667
1 0.071931 0.548958 0.004981 0.015625
1 0.080135 0.542188 0.006153 0.015625
1 0.104600 0.552865 0.003516 0.015104
1 0.100352 0.533854 0.006739 0.006250
0 0.113097 0.537500 0.006446 0.009375
0 0.116173 0.535156 0.006739 0.008854
0 0.119396 0.546094 0.010841 0.013021
0 0.128333 0.535937 0.006446 0.009375
0 0.131116 0.547917 0.008497 0.013542
0 0.136830 0.533594 0.005274 0.010937
1 0.132728 0.538021 0.005274 0.015625
0 0.145034 0.529167 0.003516 0.010417
0 0.143129 0.532552 0.006739 0.007812
0 0.163786 0.536979 0.004688 0.011458
1 0.170085 0.538802 0.007911 0.011979
1 0.177556 0.548698 0.006446 0.017188
1 0.178875 0.545052 0.007325 0.014063
1 0.186639 0.532552 0.006446 0.007812
0 0.195576 0.530469 0.003809 0.008854
0 0.209493 0.529687 0.004688 0.011458
1 0.220481 0.547396 0.003809 0.011458
0 0.233812 0.533333 0.004688 0.009375
0 0.237328 0.531771 0.004102 0.007292
0 0.238500 0.527604 0.004102 0.010417
1 0.233226 0.538542 0.004102 0.008333
0 0.245092 0.529687 0.006153 0.007292
0 0.261061 0.527344 0.004102 0.006771
