1 0.021389 0.765365 0.009376 0.021354
1 0.089364 0.641927 0.009962 0.011979
1 0.118810 0.654427 0.007325 0.008854
1 0.146352 0.635417 0.007911 0.012500
1 0.172282 0.620833 0.005860 0.016667
1 0.106798 0.570312 0.005567 0.016667
1 0.116027 0.587240 0.009376 0.009896
1 0.298857 0.883073 0.008204 0.015104
1 0.312775 0.817969 0.005567 0.022396
1 0.333431 0.729427 0.008204 0.018229
1 0.284207 0.643490 0.006446 0.009896
1 0.250952 0.600000 0.007911 0.010417
1 0.684442 0.638021 0.003516 0.017708
1 0.553033 0.705208 0.006739 0.015625
1 0.479197 0.733333 0.006153 0.021875
1 0.500879 0.635938 0.009083 0.010417
1 0.525198 0.649479 0.011427 0.020833
1 0.547759 0.645312 0.004395 0.012500
1 0.570905 0.656771 0.006153 0.014583
1 0.436127 0.620573 0.007911 0.007812
1 0.460152 0.603125 0.005567 0.011458
1 0.498828 0.565104 0.004981 0.009375
1 0.520217 0.574740 0.006739 0.013021
1 0.451802 0.560937 0.004688 0.010417
1 0.455171 0.536719 0.004395 0.011979
1 0.444331 0.515625 0.008497 0.010417
1 0.439936 0.495573 0.006153 0.005729
1 0.441987 0.464583 0.005567 0.007292
1 0.459713 0.512240 0.006446 0.010937
1 0.491064 0.550521 0.007618 0.010417
1 0.492822 0.500781 0.002930 0.010937
1 0.472898 0.470573 0.003516 0.006771
1 0.500879 0.488021 0.003809 0.010417
1 0.522561 0.501563 0.004395 0.008333
1 0.491943 0.445312 0.005274 0.006250
1 0.510841 0.468229 0.005567 0.013542
1 0.541899 0.468229 0.007911 0.012500
1 0.031058 0.583854 0.006446 0.006250
1 0.041313 0.593490 0.004102 0.006771
1 0.024172 0.468750 0.007911 0.016667
1 0.040727 0.522396 0.005860 0.014583
1 0.052886 0.495052 0.004981 0.007812
1 0.074128 0.519010 0.007618 0.008854
1 0.071052 0.474740 0.006153 0.010937
1 0.079988 0.449219 0.009376 0.011979
1 0.015382 0.294271 0.004981 0.010417
1 0.007032 0.378125 0.006446 0.009375
1 0.007764 0.232031 0.005567 0.008854
1 0.034134 0.295312 0.006153 0.009375
1 0.094345 0.399479 0.006446 0.011458
1 0.105479 0.433333 0.004688 0.020833
1 0.124084 0.468229 0.010255 0.010417
1 0.143129 0.459115 0.005567 0.010937
1 0.148989 0.513542 0.007911 0.013542
1 0.156754 0.514583 0.006446 0.007292
1 0.159830 0.477865 0.003809 0.009896
1 0.166130 0.506250 0.007032 0.011458
1 0.012452 0.173437 0.004981 0.008333
1 0.011427 0.184896 0.004102 0.005208
1 0.005860 0.196875 0.002930 0.004167
1 0.004834 0.190625 0.002637 0.005208
1 0.021682 0.183854 0.004688 0.007292
1 0.018898 0.171875 0.005567 0.004167
1 0.025784 0.184896 0.002344 0.004167
1 0.005127 0.215885 0.006739 0.005729
1 0.020510 0.212500 0.004102 0.006250
1 0.017873 0.221094 0.003516 0.006771
1 0.034720 0.211458 0.004981 0.005208
1 0.030618 0.228906 0.004395 0.007812
1 0.028567 0.237240 0.003809 0.008854
1 0.038969 0.245573 0.002344 0.006771
1 0.010987 0.218229 0.006153 0.006250
1 0.041020 0.176823 0.002930 0.004687
1 0.035160 0.216667 0.004688 0.005208
1 0.046294 0.171354 0.002930 0.004167
1 0.052447 0.157812 0.003516 0.004167
1 0.044975 0.156250 0.004981 0.005208
1 0.049077 0.216146 0.004981 0.009375
1 0.089071 0.195833 0.002930 0.006250
1 0.076619 0.165885 0.013185 0.011979
1 0.077058 0.218229 0.002344 0.005208
1 0.095664 0.163021 0.003809 0.010417
1 0.091562 0.217448 0.004395 0.008854
1 0.126575 0.166927 0.004688 0.009896
1 0.112511 0.190365 0.005860 0.006771
1 0.130530 0.175000 0.004981 0.006250
1 0.108263 0.205990 0.004395 0.007812
1 0.102403 0.205469 0.003809 0.005729
1 0.170378 0.158073 0.004395 0.004687
1 0.178142 0.171094 0.004102 0.006771
1 0.159977 0.199479 0.003516 0.008333
1 0.120275 0.217188 0.004395 0.006250
1 0.104747 0.225521 0.003223 0.007292
1 0.094052 0.240625 0.002930 0.005208
1 0.058892 0.274219 0.004102 0.007812
1 0.069587 0.211458 0.003809 0.005208
1 0.044829 0.279687 0.004688 0.007292
1 0.029300 0.324479 0.012306 0.009375
1 0.059625 0.307292 0.006153 0.006250
1 0.044536 0.318490 0.002344 0.004687
1 0.047026 0.347396 0.004981 0.009375
1 0.095957 0.279948 0.004981 0.004687
1 0.112511 0.257031 0.002930 0.007812
1 0.081160 0.264323 0.002344 0.006771
1 0.069147 0.277865 0.003516 0.007812
1 0.074714 0.308854 0.005860 0.010417
1 0.089511 0.325260 0.003809 0.009896
1 0.085409 0.342187 0.003223 0.005208
1 0.070466 0.355990 0.004395 0.007812
1 0.048198 0.362760 0.004395 0.005729
1 0.108702 0.278906 0.004102 0.010937
1 0.109581 0.297396 0.004102 0.007292
1 0.103428 0.254688 0.005274 0.012500
1 0.104454 0.265104 0.003809 0.009375
1 0.071345 0.404427 0.007911 0.014063
1 0.032523 0.393490 0.003516 0.007812
1 0.035746 0.408333 0.004688 0.009375
1 0.035892 0.357552 0.003809 0.007812
1 0.017873 0.317448 0.005860 0.010937
1 0.020510 0.336198 0.003516 0.006771
1 0.049663 0.372396 0.006739 0.011458
1 0.049224 0.385937 0.008204 0.011458
1 0.112071 0.325260 0.003809 0.015104
1 0.092441 0.334635 0.004395 0.008854
1 0.096689 0.342708 0.005274 0.011458
1 0.142983 0.213021 0.003516 0.006250
1 0.132142 0.229948 0.004102 0.006771
1 0.123498 0.251302 0.002637 0.007812
1 0.112804 0.291406 0.004102 0.009896
1 0.117199 0.303125 0.004688 0.010417
1 0.128626 0.269792 0.003516 0.005208
1 0.125403 0.307031 0.004102 0.005729
1 0.142983 0.234896 0.002930 0.007292
1 0.140785 0.244010 0.004395 0.007812
1 0.140053 0.254688 0.003516 0.005208
1 0.136390 0.267708 0.006739 0.009375
1 0.129505 0.308854 0.004102 0.005208
1 0.112511 0.335677 0.005860 0.007812
1 0.124524 0.346094 0.002930 0.007812
1 0.181512 0.213542 0.003223 0.007292
1 0.147085 0.293750 0.002930 0.008333
1 0.148843 0.297135 0.002930 0.004687
1 0.133607 0.322396 0.004102 0.005208
1 0.127893 0.330208 0.003809 0.006250
1 0.120568 0.333333 0.003809 0.005208
1 0.133900 0.335677 0.004102 0.005729
1 0.145180 0.318490 0.003223 0.008854
1 0.131556 0.353125 0.004102 0.007292
1 0.119982 0.372396 0.003223 0.006250
1 0.149575 0.349479 0.004981 0.007292
1 0.140639 0.367969 0.003516 0.007812
1 0.140053 0.394531 0.004688 0.008854
1 0.167594 0.282813 0.002930 0.007292
1 0.167741 0.319531 0.003809 0.008854
1 0.161588 0.350260 0.007911 0.013021
1 0.154410 0.384896 0.003516 0.012500
1 0.191474 0.204167 0.003223 0.008333
1 0.147378 0.261458 0.004102 0.003125
1 0.152212 0.263542 0.003223 0.003125
1 0.164518 0.260677 0.003809 0.006771
1 0.169352 0.259375 0.004102 0.005208
1 0.184735 0.256250 0.003809 0.009375
1 0.191913 0.268490 0.004102 0.006771
1 0.185760 0.273177 0.003516 0.005729
1 0.180779 0.287240 0.008790 0.007812
1 0.179754 0.301823 0.003223 0.006771
1 0.191181 0.302604 0.004395 0.006250
1 0.188397 0.281771 0.002930 0.007292
1 0.205977 0.258333 0.007032 0.015625
1 0.199531 0.273698 0.002930 0.008854
1 0.196894 0.205729 0.003516 0.004167
1 0.195136 0.178125 0.003516 0.006250
1 0.163346 0.159375 0.002637 0.008333
1 0.207735 0.196875 0.003516 0.006250
1 0.205684 0.217448 0.002344 0.006771
1 0.208321 0.227865 0.003516 0.005729
1 0.216379 0.219271 0.004395 0.013542
1 0.210958 0.310417 0.003516 0.007292
1 0.160709 0.167708 0.007325 0.005208
1 0.158365 0.175000 0.004395 0.008333
1 0.228977 0.154427 0.004395 0.003646
1 0.229417 0.158333 0.004102 0.005208
1 0.254908 0.156250 0.004102 0.004167
1 0.239672 0.163802 0.003516 0.004687
1 0.266628 0.167708 0.002930 0.005208
1 0.257691 0.171615 0.003809 0.006771
1 0.253443 0.173437 0.004688 0.004167
1 0.238939 0.180990 0.004395 0.008854
1 0.232640 0.195052 0.004102 0.005729
1 0.243334 0.199479 0.003809 0.005208
1 0.236449 0.221615 0.004102 0.011979
1 0.241283 0.208073 0.002637 0.005729
1 0.229710 0.226302 0.003516 0.009896
1 0.249634 0.186458 0.003516 0.007292
1 0.259889 0.182812 0.002344 0.005208
1 0.270730 0.183333 0.003516 0.006250
1 0.273513 0.195833 0.003223 0.006250
1 0.274246 0.216146 0.005860 0.007292
1 0.269704 0.226823 0.003809 0.005729
1 0.257398 0.227344 0.002637 0.003646
1 0.249048 0.232031 0.002930 0.005729
1 0.242895 0.240885 0.004102 0.007812
1 0.232933 0.247135 0.005274 0.008854
1 0.240697 0.272917 0.003223 0.006250
1 0.289188 0.155469 0.002930 0.009896
1 0.285672 0.177344 0.002930 0.003646
1 0.285965 0.198177 0.003516 0.005729
1 0.288163 0.223177 0.004981 0.006771
1 0.307940 0.155208 0.004688 0.010417
1 0.252124 0.242708 0.003223 0.006250
1 0.249927 0.249479 0.003516 0.007292
1 0.241283 0.248177 0.003223 0.004687
1 0.232933 0.296354 0.004102 0.006250
1 0.259889 0.255990 0.002930 0.006771
1 0.263551 0.257031 0.003223 0.005729
1 0.242162 0.291146 0.003809 0.008333
1 0.277176 0.231250 0.002344 0.006250
1 0.275857 0.249740 0.004981 0.007812
1 0.287577 0.235677 0.003223 0.005729
1 0.283035 0.253125 0.004688 0.009375
1 0.282742 0.260417 0.002930 0.006250
1 0.255640 0.291927 0.002051 0.004687
1 0.267360 0.288021 0.003809 0.005208
1 0.299736 0.192188 0.002930 0.007292
1 0.300615 0.232292 0.002930 0.005208
1 0.304131 0.214062 0.002344 0.005208
1 0.316584 0.223958 0.003223 0.005208
1 0.306915 0.237500 0.003223 0.008333
1 0.292558 0.253906 0.004981 0.010937
1 0.330501 0.174740 0.005274 0.006771
1 0.335042 0.199740 0.006153 0.005729
1 0.334163 0.229687 0.003809 0.009375
1 0.371374 0.162760 0.003223 0.005729
1 0.356431 0.174219 0.002637 0.006771
1 0.356138 0.188021 0.003809 0.009375
1 0.344125 0.220052 0.002637 0.003646
1 0.312189 0.240104 0.004395 0.005208
1 0.360826 0.200781 0.003223 0.008854
1 0.340316 0.201563 0.002637 0.006250
1 0.351890 0.236719 0.002344 0.004687
1 0.337679 0.252865 0.003223 0.006771
1 0.294462 0.288021 0.002344 0.005208
1 0.299590 0.288542 0.003223 0.005208
1 0.323030 0.294010 0.003809 0.007812
1 0.349692 0.246875 0.003809 0.005208
1 0.333138 0.285677 0.004102 0.006771
1 0.347202 0.256771 0.002344 0.007292
1 0.368151 0.204167 0.002637 0.004167
1 0.372986 0.215104 0.002930 0.008333
1 0.366247 0.234115 0.003516 0.004687
1 0.346176 0.264062 0.004395 0.005208
1 0.327718 0.304427 0.003809 0.007812
1 0.317756 0.296094 0.003223 0.006771
1 0.302666 0.297135 0.005274 0.006771
1 0.370935 0.279167 0.004102 0.003125
1 0.363317 0.291927 0.002930 0.006771
1 0.345444 0.311719 0.006446 0.008854
1 0.419865 0.174219 0.001758 0.008854
1 0.426458 0.181510 0.002051 0.007812
1 0.383387 0.278906 0.005567 0.007812
1 0.380750 0.291406 0.004981 0.006771
1 0.444184 0.183854 0.004102 0.004167
1 0.453267 0.196094 0.002930 0.006771
1 0.416789 0.211198 0.002637 0.008854
1 0.423674 0.208333 0.002930 0.007292
1 0.436859 0.212500 0.002930 0.005208
1 0.403311 0.275000 0.003809 0.008333
1 0.395107 0.295052 0.007325 0.009896
1 0.468356 0.217969 0.002637 0.006771
1 0.490917 0.183854 0.003809 0.008333
1 0.487694 0.196615 0.006153 0.008854
1 0.478172 0.205208 0.003516 0.005208
1 0.493408 0.227344 0.004102 0.006771
1 0.502490 0.197917 0.004102 0.004167
1 0.508204 0.177083 0.003223 0.005208
1 0.516115 0.175521 0.002051 0.008333
1 0.518019 0.202865 0.002344 0.008854
1 0.514503 0.228646 0.004102 0.005208
1 0.493408 0.199740 0.002930 0.004687
1 0.476267 0.166146 0.003223 0.004167
1 0.449165 0.242188 0.004688 0.004167
1 0.445063 0.254167 0.003516 0.005208
1 0.420744 0.256771 0.002344 0.006250
1 0.411222 0.286458 0.002637 0.006250
1 0.385145 0.326823 0.003809 0.006771
1 0.205098 0.350260 0.007032 0.011979
1 0.196015 0.383073 0.004688 0.013021
1 0.187811 0.399479 0.002930 0.009375
1 0.181365 0.430208 0.004688 0.008333
1 0.185467 0.431250 0.004102 0.010417
1 0.173161 0.429948 0.003516 0.007812
1 0.168913 0.467708 0.004981 0.008333
1 0.223703 0.383333 0.004395 0.008333
1 0.209933 0.373177 0.005567 0.009896
1 0.216086 0.372396 0.004395 0.007292
1 0.205245 0.398438 0.004981 0.008333
1 0.202168 0.418750 0.004102 0.009375
1 0.206124 0.436979 0.004981 0.007292
1 0.216965 0.478385 0.004395 0.014063
1 0.225461 0.431250 0.004395 0.010417
1 0.233226 0.422135 0.004102 0.006771
1 0.188837 0.496875 0.004395 0.007292
1 0.230296 0.325521 0.002930 0.007292
1 0.253736 0.312500 0.002930 0.009375
1 0.259010 0.348177 0.005274 0.004687
1 0.258131 0.421615 0.004688 0.008854
1 0.270437 0.456250 0.007618 0.019792
1 0.281277 0.326302 0.003516 0.007812
1 0.290800 0.358333 0.003809 0.011458
1 0.277322 0.369792 0.003809 0.011458
1 0.276297 0.378385 0.003516 0.006771
1 0.272488 0.391667 0.003516 0.010417
1 0.288749 0.385677 0.005567 0.005729
1 0.311017 0.359635 0.003223 0.010937
1 0.301787 0.367448 0.005860 0.008854
1 0.316144 0.377865 0.004102 0.006771
1 0.326985 0.355469 0.002930 0.008854
1 0.332699 0.357812 0.003223 0.008333
1 0.330355 0.378646 0.003223 0.007292
1 0.340316 0.397656 0.003809 0.015104
1 0.330794 0.432552 0.003516 0.004687
1 0.193964 0.485156 0.006446 0.011979
1 0.207589 0.524219 0.003223 0.016146
1 0.208028 0.532031 0.007032 0.013021
1 0.243188 0.539323 0.003516 0.007812
1 0.262233 0.534635 0.004688 0.007812
1 0.255494 0.547135 0.005860 0.007812
1 0.272488 0.474219 0.008790 0.007812
1 0.292851 0.480208 0.006153 0.007292
1 0.303985 0.472917 0.004395 0.006250
1 0.285233 0.511719 0.009669 0.014063
1 0.306182 0.522917 0.007618 0.008333
1 0.283475 0.553646 0.004981 0.006250
1 0.284207 0.597656 0.005860 0.013021
1 0.326692 0.555469 0.004102 0.015104
1 0.319807 0.596354 0.003809 0.007292
1 0.344711 0.604688 0.005567 0.009375
1 0.380311 0.381250 0.005274 0.007292
1 0.356285 0.402344 0.004688 0.005729
1 0.339584 0.487500 0.005860 0.006250
1 0.347641 0.434635 0.003809 0.005729
1 0.405655 0.365885 0.006739 0.008854
1 0.390126 0.407031 0.004395 0.008854
1 0.376941 0.416146 0.004395 0.010417
1 0.370349 0.427344 0.003516 0.008854
1 0.371521 0.439844 0.003516 0.006771
1 0.418986 0.380990 0.005860 0.008854
1 0.409610 0.410677 0.005860 0.009896
1 0.386464 0.436979 0.003516 0.006250
1 0.389393 0.450000 0.004102 0.007292
1 0.372107 0.463281 0.004688 0.006771
1 0.357603 0.461458 0.006153 0.007292
1 0.336361 0.461458 0.012306 0.015625
1 0.354234 0.473958 0.005274 0.010417
1 0.372546 0.490365 0.007911 0.013021
1 0.395986 0.472396 0.004395 0.011458
1 0.401699 0.495833 0.002930 0.007292
1 0.396865 0.517969 0.004395 0.011979
1 0.370202 0.537760 0.009669 0.016146
1 0.388222 0.529427 0.003516 0.006771
1 0.423674 0.439063 0.004102 0.009375
1 0.382215 0.342448 0.004395 0.008854
1 0.389540 0.351562 0.004395 0.008333
1 0.393642 0.324479 0.007325 0.006250
1 0.405655 0.345573 0.003809 0.005729
1 0.407999 0.314323 0.002637 0.007812
1 0.430999 0.279948 0.004688 0.007812
1 0.428362 0.299479 0.002930 0.007292
1 0.433343 0.317448 0.005860 0.005729
1 0.418840 0.321615 0.003223 0.005729
1 0.416935 0.330729 0.003516 0.008333
1 0.440668 0.328906 0.002344 0.005729
1 0.457076 0.249740 0.002930 0.007812
1 0.467038 0.265885 0.003516 0.013021
1 0.465573 0.277083 0.002930 0.008333
1 0.456783 0.274479 0.002930 0.007292
1 0.470407 0.306250 0.003809 0.008333
1 0.452681 0.295052 0.004102 0.006771
1 0.455611 0.308333 0.004688 0.010417
1 0.460299 0.315365 0.004102 0.005729
1 0.434662 0.350521 0.004395 0.007292
1 0.446381 0.364844 0.003223 0.008854
1 0.429388 0.376563 0.004395 0.006250
1 0.443745 0.261979 0.003223 0.008333
1 0.456636 0.373437 0.005567 0.006250
1 0.453560 0.390104 0.004102 0.010417
1 0.430999 0.408073 0.006446 0.005729
1 0.426018 0.413021 0.003516 0.006250
1 0.543803 0.166406 0.002344 0.005729
1 0.523586 0.245052 0.004688 0.005729
1 0.510108 0.251302 0.002344 0.007812
1 0.483592 0.272396 0.003809 0.008333
1 0.496338 0.271875 0.003516 0.004167
1 0.487987 0.304688 0.002637 0.007292
1 0.521389 0.166927 0.004395 0.006771
1 0.537650 0.174740 0.003516 0.004687
1 0.551275 0.175521 0.002637 0.006250
1 0.539701 0.226562 0.004688 0.008333
1 0.529446 0.242188 0.003516 0.004167
1 0.523293 0.271354 0.003516 0.007292
1 0.528128 0.280729 0.003223 0.005208
1 0.512306 0.309375 0.003809 0.009375
1 0.505860 0.326302 0.003223 0.013021
1 0.518605 0.309115 0.005274 0.007812
1 0.490478 0.342969 0.011134 0.019271
1 0.482127 0.359375 0.013185 0.021875
1 0.473484 0.379948 0.002930 0.011979
1 0.488427 0.386979 0.005860 0.007292
1 0.487987 0.393490 0.004981 0.007812
1 0.493554 0.415104 0.003809 0.009375
1 0.514503 0.350000 0.004102 0.013542
1 0.515968 0.378385 0.002930 0.005729
1 0.508057 0.404427 0.002930 0.010937
1 0.517580 0.410156 0.002637 0.010937
1 0.506592 0.426042 0.003516 0.006250
1 0.537650 0.415104 0.009962 0.025000
1 0.536918 0.307031 0.002637 0.009896
1 0.545561 0.307552 0.004102 0.007812
1 0.549517 0.312500 0.004981 0.006250
1 0.545268 0.336458 0.003516 0.008333
1 0.548784 0.342448 0.003516 0.005729
1 0.568415 0.377083 0.005274 0.006250
1 0.592734 0.307031 0.003516 0.006771
1 0.598008 0.382031 0.002344 0.010937
1 0.571491 0.411458 0.003809 0.009375
1 0.589804 0.398177 0.003516 0.007812
1 0.543217 0.430990 0.007032 0.010937
1 0.563287 0.435417 0.004395 0.009375
1 0.597422 0.445833 0.003516 0.007292
1 0.550982 0.227604 0.003809 0.005208
1 0.574568 0.202604 0.005274 0.005208
1 0.564166 0.241927 0.004395 0.005729
1 0.597568 0.189323 0.001465 0.004687
1 0.590829 0.214583 0.003223 0.004167
1 0.596543 0.229167 0.005274 0.005208
1 0.587606 0.246615 0.004395 0.006771
1 0.605479 0.266667 0.003223 0.013542
1 0.601377 0.304427 0.003809 0.007812
1 0.598447 0.323177 0.006153 0.006771
1 0.631263 0.239323 0.005567 0.004687
1 0.673454 0.215365 0.004395 0.007812
1 0.670671 0.234635 0.004688 0.006771
1 0.645473 0.237240 0.003516 0.004687
1 0.637855 0.256250 0.002930 0.005208
1 0.623645 0.286979 0.003809 0.007292
1 0.654117 0.278646 0.005567 0.005208
1 0.646645 0.279948 0.002930 0.005729
1 0.633753 0.317188 0.007032 0.009375
1 0.661295 0.285156 0.004102 0.006771
1 0.686200 0.235156 0.005274 0.010937
1 0.687958 0.284896 0.004688 0.005208
1 0.639027 0.356771 0.002930 0.009375
1 0.698213 0.315625 0.003516 0.008333
1 0.670817 0.351823 0.004395 0.005729
1 0.636097 0.365885 0.003516 0.007812
1 0.661588 0.386979 0.004102 0.006250
1 0.659098 0.391406 0.003223 0.005729
1 0.640785 0.420573 0.002930 0.009896
1 0.665983 0.416927 0.003516 0.008854
1 0.671989 0.422135 0.004981 0.005729
1 0.682098 0.379427 0.004688 0.007812
1 0.698506 0.350521 0.002930 0.008333
1 0.702315 0.336198 0.003516 0.014063
1 0.720041 0.284635 0.004395 0.004687
1 0.719895 0.290104 0.004102 0.006250
1 0.721213 0.317448 0.003809 0.014063
1 0.719162 0.328646 0.006153 0.009375
1 0.709786 0.363021 0.003809 0.009375
1 0.712863 0.379167 0.004102 0.007292
1 0.711691 0.410417 0.002930 0.009375
1 0.719895 0.380729 0.003516 0.005208
1 0.735863 0.345313 0.003223 0.009375
1 0.742748 0.278385 0.005860 0.006771
1 0.746118 0.329427 0.007325 0.007812
1 0.772781 0.313021 0.003223 0.012500
1 0.754908 0.341406 0.005567 0.007812
1 0.753296 0.352604 0.005274 0.007292
1 0.793876 0.238021 0.004981 0.005208
1 0.831087 0.255469 0.006153 0.006771
1 0.833724 0.295833 0.004981 0.007292
1 0.837240 0.344010 0.005567 0.006771
1 0.845590 0.365104 0.005860 0.008333
1 0.836068 0.383594 0.004981 0.014063
1 0.846762 0.385156 0.005860 0.010937
1 0.889540 0.295573 0.005274 0.010937
1 0.920744 0.315104 0.004395 0.014583
1 0.885145 0.354948 0.004102 0.010937
1 0.905362 0.350521 0.004688 0.006250
1 0.925139 0.338542 0.004395 0.008333
1 0.961617 0.348438 0.003516 0.010417
1 0.912540 0.361198 0.004395 0.005729
1 0.787430 0.467187 0.003809 0.018750
1 0.767067 0.471615 0.003516 0.009896
1 0.772195 0.477865 0.007325 0.014063
1 0.785526 0.496354 0.004102 0.011458
1 0.697773 0.493229 0.009083 0.011458
1 0.665397 0.542708 0.004688 0.010417
1 0.578523 0.485677 0.006153 0.013021
1 0.587460 0.535417 0.004688 0.015625
1 0.616759 0.500000 0.006446 0.011458
1 0.613243 0.568750 0.004102 0.026042
1 0.658805 0.602344 0.005567 0.019271
1 0.331673 0.639844 0.005860 0.011979
1 0.331527 0.654427 0.005567 0.007812
1 0.385292 0.655469 0.007032 0.007812
1 0.400674 0.648958 0.004981 0.015625
1 0.116906 0.419531 0.004102 0.009896
1 0.655728 0.245312 0.002930 0.008333
