1 0.003516 0.655469 0.006446 0.045312
1 0.038676 0.622396 0.007618 0.035417
1 0.056695 0.694271 0.019631 0.072917
1 0.064166 0.605990 0.011720 0.038021
1 0.083944 0.593229 0.006739 0.026042
1 0.102403 0.612500 0.011427 0.032292
1 0.135365 0.584115 0.009376 0.017188
1 0.177117 0.723698 0.021389 0.064062
1 0.199238 0.650781 0.016408 0.053646
1 0.237767 0.646615 0.016115 0.046354
1 0.267067 0.603385 0.012013 0.031771
1 0.309552 0.660937 0.009083 0.033333
0 0.002490 0.567708 0.004395 0.012500
1 0.057427 0.548177 0.005860 0.017188
1 0.071052 0.538802 0.003809 0.016146
1 0.072810 0.549219 0.005567 0.016146
1 0.080867 0.541667 0.006446 0.015625
1 0.100938 0.533594 0.007911 0.007812
1 0.105040 0.552344 0.003223 0.011979
0 0.113097 0.536979 0.006446 0.010417
0 0.116759 0.535677 0.006739 0.008854
0 0.120129 0.546615 0.009962 0.013021
0 0.131116 0.547135 0.009669 0.014063
1 0.133753 0.537760 0.004981 0.015104
0 0.137562 0.532813 0.004981 0.009375
0 0.143569 0.531771 0.006446 0.007292
0 0.156754 0.538802 0.008790 0.013021
0 0.164225 0.534896 0.004981 0.015625
0 0.170085 0.538542 0.007325 0.008333
1 0.177849 0.547917 0.006446 0.016667
1 0.179021 0.544531 0.007032 0.014063
0 0.185321 0.578125 0.010841 0.017708
0 0.177849 0.533073 0.004688 0.006771
1 0.191034 0.549479 0.005274 0.018750
1 0.193525 0.546615 0.005567 0.016146
1 0.187079 0.532292 0.006153 0.007292
0 0.201729 0.535417 0.007325 0.009375
1 0.209786 0.548438 0.005274 0.012500
0 0.210226 0.529687 0.004395 0.010417
1 0.221360 0.547656 0.003809 0.010937
0 0.228391 0.532292 0.006739 0.011458
0 0.233958 0.537500 0.005567 0.010417
0 0.234544 0.532031 0.004981 0.007812
0 0.237474 0.531510 0.004981 0.008854
0 0.239086 0.526823 0.005274 0.010937
0 0.245971 0.528646 0.007911 0.008333
1 0.247290 0.546875 0.005274 0.022917
0 0.261940 0.527865 0.005274 0.006771
1 0.268532 0.539583 0.003809 0.017708
1 0.253003 0.573698 0.012013 0.013021
0 0.281277 0.545573 0.008790 0.015104
1 0.288456 0.568229 0.006153 0.022917
1 0.298125 0.552865 0.004981 0.018229
1 0.318488 0.593750 0.006446 0.025000
1 0.326106 0.601562 0.007618 0.020833
1 0.341928 0.528646 0.004688 0.010417
1 0.360973 0.536198 0.004688 0.014063
1 0.348813 0.571615 0.006739 0.018229
1 0.362877 0.571094 0.004981 0.025521
1 0.366247 0.592708 0.008204 0.021875
1 0.375916 0.575781 0.005860 0.022396
1 0.389393 0.546094 0.005860 0.011979
1 0.388368 0.583594 0.007911 0.023438
1 0.393056 0.634375 0.009669 0.038542
1 0.421330 0.523958 0.004102 0.008333
1 0.400967 0.664323 0.019045 0.063021
1 0.440082 0.609896 0.011134 0.027083
1 0.460592 0.613021 0.005860 0.037500
1 0.493261 0.631510 0.010255 0.046354
1 0.524026 0.594271 0.007325 0.020833
1 0.533841 0.586458 0.005274 0.019792
1 0.542778 0.588542 0.009083 0.021875
1 0.562701 0.621354 0.012599 0.027083
1 0.601817 0.601042 0.011720 0.033333
1 0.635218 0.639844 0.015236 0.038021
0 0.679461 0.597917 0.008204 0.029167
1 0.677410 0.621094 0.015822 0.016146
1 0.794902 0.561458 0.007618 0.021875
1 0.863610 0.565885 0.006153 0.017188
