1 0.005127 0.655469 0.009669 0.046354
1 0.039994 0.622656 0.008497 0.034896
1 0.053912 0.548438 0.007032 0.018750
1 0.067829 0.539062 0.003809 0.015625
1 0.077791 0.541927 0.006153 0.017188
1 0.069587 0.548958 0.005567 0.016667
1 0.064752 0.605990 0.012306 0.039062
1 0.084090 0.593750 0.006446 0.027083
1 0.097422 0.534635 0.007325 0.006771
1 0.102696 0.553385 0.004395 0.017188
1 0.103428 0.613021 0.011720 0.033333
0 0.117785 0.546615 0.008204 0.013021
0 0.129212 0.548177 0.009376 0.016146
1 0.134779 0.584635 0.008790 0.017188
1 0.175359 0.548438 0.006739 0.017708
1 0.177556 0.545052 0.005860 0.015104
0 0.184295 0.578906 0.011720 0.022396
1 0.188690 0.550000 0.005274 0.020833
1 0.207149 0.547917 0.005860 0.013542
0 0.198799 0.535417 0.007911 0.011458
1 0.218723 0.547656 0.004981 0.013021
1 0.202461 0.649740 0.016408 0.052604
1 0.185321 0.725781 0.021975 0.068229
1 0.244946 0.546875 0.004688 0.021875
1 0.265749 0.539844 0.004688 0.021354
0 0.278640 0.544271 0.009962 0.015625
1 0.239965 0.643750 0.016994 0.042708
0 0.252564 0.574479 0.012892 0.016667
1 0.254615 0.585417 0.008790 0.020833
1 0.267507 0.603125 0.012892 0.032292
1 0.287430 0.569531 0.005860 0.023438
1 0.295927 0.551823 0.005860 0.018229
1 0.317902 0.594792 0.007032 0.026042
1 0.326106 0.601562 0.007618 0.021875
1 0.338119 0.529167 0.004102 0.010417
1 0.357750 0.535417 0.005860 0.015625
1 0.347495 0.571615 0.006446 0.018229
1 0.361119 0.571094 0.006153 0.027604
1 0.365807 0.592969 0.008497 0.023438
1 0.374597 0.575781 0.006739 0.023438
1 0.386903 0.545312 0.006153 0.014583
1 0.387636 0.583594 0.008204 0.025521
1 0.393495 0.632812 0.009962 0.036458
1 0.402139 0.660677 0.020803 0.059896
1 0.438910 0.609635 0.012306 0.027604
1 0.460006 0.612760 0.007032 0.039062
1 0.417521 0.523698 0.004688 0.008854
1 0.492822 0.627083 0.011720 0.040625
1 0.522414 0.595052 0.008204 0.024479
1 0.531790 0.586198 0.004688 0.023438
1 0.541752 0.588542 0.009376 0.022917
1 0.561236 0.620833 0.012599 0.026042
1 0.600059 0.599479 0.011720 0.033333
1 0.633900 0.640104 0.014943 0.036458
0 0.676677 0.598177 0.009083 0.029687
1 0.675212 0.620313 0.014357 0.014583
1 0.790946 0.563021 0.007325 0.025000
1 0.857457 0.565104 0.006153 0.018750
1 0.310577 0.661979 0.012892 0.041667
1 0.062408 0.694271 0.021096 0.078125
0 0.110167 0.537500 0.005860 0.009375
0 0.113536 0.535677 0.006739 0.007812
0 0.124524 0.536719 0.008790 0.009896
1 0.130530 0.538281 0.004981 0.016146
0 0.134046 0.533333 0.006153 0.008333
0 0.141957 0.528906 0.003223 0.005729
0 0.139613 0.532813 0.005567 0.008333
0 0.153531 0.540885 0.010548 0.011979
0 0.147817 0.535937 0.008497 0.009375
0 0.158365 0.528646 0.005567 0.008333
0 0.161295 0.527083 0.005567 0.006250
0 0.161588 0.537240 0.004981 0.008854
0 0.167008 0.538542 0.007618 0.010417
1 0.183416 0.532292 0.006446 0.008333
0 0.202022 0.526563 0.003223 0.006250
0 0.206710 0.530208 0.005567 0.010417
0 0.224875 0.532552 0.006153 0.010937
0 0.231614 0.532552 0.004395 0.008854
1 0.230735 0.538802 0.004395 0.007812
0 0.234544 0.530208 0.003809 0.010417
0 0.241869 0.527865 0.006739 0.008854
0 0.236009 0.527604 0.004395 0.009375
0 0.243774 0.527344 0.007618 0.006771
0 0.258424 0.527865 0.004688 0.006771
