1 0.054498 0.548698 0.006446 0.018229
1 0.040141 0.622396 0.008790 0.035417
1 0.005274 0.655729 0.009962 0.044792
1 0.067829 0.539062 0.003809 0.016667
1 0.077937 0.542448 0.006446 0.016146
1 0.069733 0.549479 0.006446 0.016667
1 0.064899 0.605990 0.011427 0.036979
1 0.083504 0.593229 0.007032 0.026042
1 0.097422 0.534375 0.006739 0.005208
1 0.102696 0.553385 0.003809 0.015104
0 0.116759 0.544271 0.011427 0.016667
0 0.129358 0.548438 0.008497 0.012500
1 0.103282 0.612760 0.011427 0.033854
1 0.134925 0.584115 0.008497 0.017188
0 0.153824 0.539583 0.010548 0.013542
1 0.130677 0.538281 0.004688 0.016146
1 0.175359 0.549479 0.007325 0.016667
1 0.191034 0.546615 0.005860 0.015104
1 0.188983 0.549740 0.005860 0.018229
1 0.207442 0.548177 0.005860 0.011979
0 0.198799 0.534635 0.007911 0.010937
0 0.184735 0.577344 0.011427 0.017188
1 0.218869 0.547656 0.005274 0.011979
1 0.230882 0.539062 0.004688 0.008333
1 0.245385 0.547135 0.004981 0.022396
0 0.252564 0.573958 0.012306 0.014583
1 0.265895 0.540365 0.004395 0.018229
1 0.254615 0.584896 0.007618 0.021875
1 0.267800 0.603125 0.012306 0.030208
0 0.278640 0.544792 0.009962 0.013542
1 0.296220 0.550781 0.005274 0.015104
1 0.287284 0.568490 0.006153 0.023438
1 0.318195 0.594010 0.005860 0.024479
1 0.325813 0.601823 0.007032 0.020313
1 0.338412 0.528646 0.004102 0.009375
1 0.358336 0.536198 0.004688 0.014063
1 0.347495 0.571875 0.006446 0.017708
1 0.361412 0.570833 0.004981 0.025000
1 0.374597 0.575781 0.005567 0.021354
1 0.365954 0.592448 0.008204 0.023438
1 0.387050 0.546615 0.004688 0.013021
1 0.387636 0.583594 0.007032 0.023438
1 0.418107 0.523438 0.004688 0.009375
1 0.439643 0.609635 0.010841 0.026562
1 0.460299 0.613281 0.006446 0.038021
1 0.492675 0.628125 0.010841 0.040625
1 0.523147 0.594010 0.007325 0.022396
1 0.532083 0.586458 0.004688 0.020833
1 0.541899 0.588281 0.009083 0.022396
1 0.561529 0.619271 0.012013 0.025000
1 0.062555 0.691406 0.020217 0.066146
1 0.202461 0.649740 0.015822 0.053646
1 0.184295 0.725000 0.020510 0.066667
1 0.239965 0.645573 0.015822 0.046354
1 0.311749 0.661198 0.009376 0.036979
1 0.393495 0.633854 0.010548 0.039583
1 0.402578 0.665365 0.019338 0.067187
1 0.599766 0.599740 0.011134 0.033854
1 0.633607 0.640104 0.014943 0.039583
0 0.677117 0.597917 0.008790 0.030208
1 0.675212 0.620052 0.014357 0.015104
1 0.790946 0.562240 0.006739 0.021354
1 0.857896 0.565104 0.005274 0.015625
0 0.110607 0.537760 0.006739 0.009896
0 0.113683 0.535156 0.007032 0.008854
0 0.134779 0.533333 0.005274 0.008333
0 0.125989 0.535677 0.005860 0.009896
0 0.158658 0.527865 0.006153 0.008854
0 0.148257 0.536458 0.009376 0.009375
0 0.140199 0.531510 0.006153 0.007812
0 0.161442 0.536979 0.005274 0.010417
0 0.167448 0.539062 0.007325 0.009375
0 0.174480 0.532552 0.004395 0.005729
1 0.175798 0.539062 0.006446 0.006250
1 0.183563 0.532031 0.006153 0.006771
1 0.187225 0.527865 0.003516 0.007812
1 0.193378 0.530469 0.004102 0.008854
0 0.206856 0.530208 0.005274 0.011458
0 0.225754 0.532813 0.006739 0.010417
0 0.231614 0.532031 0.004395 0.008854
0 0.234837 0.531250 0.004395 0.008333
0 0.242455 0.528385 0.007325 0.009896
0 0.258570 0.528385 0.003809 0.007812
