1 0.004395 0.655469 0.008204 0.045312
1 0.038822 0.622396 0.008497 0.036458
1 0.055962 0.548438 0.006446 0.017708
1 0.063873 0.605729 0.011720 0.036458
1 0.069294 0.538281 0.003809 0.015104
1 0.071052 0.548958 0.005567 0.016667
1 0.079549 0.541927 0.006153 0.016146
1 0.083797 0.592969 0.005860 0.025521
1 0.102696 0.612500 0.011427 0.032292
1 0.099180 0.533333 0.006739 0.006250
1 0.104014 0.553385 0.002930 0.015104
0 0.112071 0.537760 0.006153 0.007812
0 0.118664 0.546094 0.009962 0.011979
0 0.130823 0.547656 0.008497 0.013021
1 0.135218 0.585156 0.009083 0.018229
0 0.155728 0.540885 0.009669 0.008854
1 0.176824 0.548438 0.006739 0.016667
1 0.177996 0.544792 0.007325 0.013542
1 0.190009 0.549740 0.004395 0.018229
1 0.192060 0.546094 0.006153 0.016146
1 0.185028 0.579688 0.011427 0.021875
0 0.200264 0.535156 0.007325 0.010937
1 0.208468 0.547917 0.005567 0.012500
1 0.220188 0.546615 0.003809 0.011979
1 0.246704 0.546875 0.005274 0.023958
1 0.266921 0.539844 0.004688 0.018229
0 0.252710 0.573438 0.011427 0.013542
1 0.255347 0.584896 0.007325 0.021875
1 0.266921 0.602865 0.012306 0.031771
0 0.279666 0.545573 0.009083 0.014063
1 0.288456 0.568229 0.006153 0.022917
1 0.297246 0.550521 0.005567 0.016667
1 0.318635 0.594010 0.006153 0.024479
1 0.325813 0.601302 0.007618 0.020313
1 0.348520 0.571875 0.006153 0.017708
1 0.340170 0.528125 0.004102 0.009375
1 0.359508 0.535417 0.005274 0.015625
1 0.362145 0.570573 0.005860 0.025521
1 0.375183 0.576302 0.006153 0.021354
1 0.366100 0.592969 0.007911 0.021354
1 0.388222 0.546094 0.005274 0.011979
1 0.388075 0.583073 0.007911 0.022396
1 0.393202 0.631510 0.009962 0.034896
1 0.419865 0.523438 0.004688 0.008333
1 0.440082 0.609635 0.009376 0.026562
1 0.460445 0.612240 0.006739 0.035937
1 0.492968 0.629687 0.011427 0.043750
1 0.523440 0.594271 0.006739 0.021875
1 0.532962 0.585677 0.004688 0.019271
1 0.542485 0.588021 0.009083 0.022917
1 0.562262 0.619531 0.012892 0.022396
1 0.601231 0.599740 0.011134 0.033854
1 0.633607 0.639323 0.015529 0.035937
0 0.678142 0.597656 0.009083 0.028646
1 0.676238 0.620833 0.015236 0.014583
1 0.793144 0.560417 0.006446 0.018750
1 0.860973 0.564063 0.005567 0.014583
1 0.059039 0.690885 0.019631 0.066146
1 0.180193 0.723177 0.021682 0.066146
1 0.200410 0.650521 0.016994 0.055208
1 0.238500 0.643750 0.016408 0.041667
1 0.310577 0.660937 0.009376 0.034375
1 0.401699 0.664844 0.018752 0.065104
0 0.136097 0.533073 0.004981 0.008854
0 0.142104 0.532292 0.005860 0.008333
0 0.144008 0.529427 0.003223 0.007812
1 0.131995 0.537760 0.004981 0.016146
0 0.128186 0.536719 0.006153 0.009896
0 0.161735 0.528646 0.008790 0.008333
0 0.163200 0.536719 0.005860 0.010937
0 0.168913 0.537760 0.007911 0.010937
1 0.185614 0.532031 0.006153 0.006771
1 0.177263 0.539062 0.006446 0.006250
0 0.226633 0.532813 0.007325 0.011458
0 0.233372 0.532292 0.004981 0.009375
1 0.232347 0.538542 0.004688 0.009375
0 0.236449 0.530990 0.004688 0.008854
0 0.237621 0.527604 0.004102 0.009375
0 0.243920 0.529427 0.006739 0.007812
0 0.261061 0.527604 0.005860 0.007292
