1 0.006299 0.654687 0.012013 0.045833
1 0.040727 0.623437 0.008790 0.035417
1 0.066950 0.691146 0.020217 0.068750
1 0.052007 0.549740 0.007325 0.019271
1 0.065192 0.607552 0.012599 0.041146
1 0.065192 0.540104 0.004395 0.017708
1 0.067536 0.549219 0.006739 0.016146
1 0.075447 0.542969 0.006739 0.017188
1 0.083504 0.594010 0.007032 0.026562
1 0.094492 0.534115 0.008497 0.007812
1 0.100645 0.553906 0.003809 0.016146
0 0.107530 0.538281 0.007032 0.013021
0 0.110167 0.535937 0.007032 0.009375
0 0.115587 0.547135 0.010255 0.011979
0 0.127014 0.548438 0.009669 0.013542
0 0.122326 0.536198 0.009669 0.009896
0 0.130970 0.533854 0.007618 0.010417
0 0.137562 0.532813 0.006739 0.010417
0 0.139027 0.528906 0.003809 0.007812
0 0.151333 0.539583 0.010255 0.014583
0 0.163932 0.539323 0.010841 0.009896
0 0.156461 0.528646 0.008204 0.010417
0 0.168913 0.527604 0.005567 0.010417
1 0.171843 0.532813 0.004395 0.011458
0 0.184295 0.528646 0.004102 0.008333
0 0.196455 0.535937 0.006739 0.010417
0 0.229124 0.533333 0.004102 0.011458
0 0.191181 0.531510 0.003809 0.008854
0 0.255933 0.528385 0.004981 0.007812
0 0.240404 0.529687 0.007911 0.010417
0 0.232493 0.531250 0.006739 0.011458
0 0.232786 0.527083 0.005567 0.009375
0 0.225754 0.526302 0.004395 0.007812
1 0.217404 0.547917 0.004688 0.014583
1 0.104600 0.613281 0.011720 0.034896
1 0.134193 0.584635 0.009376 0.020313
0 0.184295 0.579688 0.012892 0.019792
1 0.173747 0.548958 0.007032 0.018750
1 0.175798 0.546615 0.004688 0.013021
1 0.188983 0.546875 0.005860 0.016667
1 0.186932 0.550000 0.005274 0.020833
1 0.205098 0.548698 0.006446 0.014063
1 0.243774 0.547917 0.005274 0.025000
1 0.263698 0.540104 0.004102 0.017708
0 0.276443 0.544531 0.007911 0.016146
1 0.254029 0.585417 0.009962 0.020833
1 0.268532 0.603385 0.012599 0.032813
1 0.241283 0.641146 0.017873 0.037500
0 0.251538 0.574219 0.013771 0.017188
1 0.204805 0.650260 0.017580 0.053646
1 0.294316 0.552604 0.006153 0.019792
1 0.286405 0.570573 0.006739 0.025521
1 0.189716 0.722917 0.020803 0.063542
1 0.313507 0.658594 0.009962 0.032813
1 0.317902 0.595313 0.007032 0.027083
1 0.325813 0.602083 0.008204 0.022917
1 0.356138 0.536198 0.005567 0.016146
1 0.335775 0.528385 0.004688 0.010937
1 0.346616 0.572135 0.007032 0.018229
1 0.360387 0.571615 0.006446 0.026562
1 0.365368 0.592448 0.009376 0.023438
1 0.373718 0.576562 0.006153 0.022917
1 0.385145 0.546354 0.005567 0.014583
1 0.386610 0.583333 0.007911 0.022917
1 0.394667 0.632031 0.009962 0.034896
1 0.404043 0.659115 0.021096 0.055729
1 0.439643 0.609635 0.011427 0.028646
1 0.460006 0.613021 0.007032 0.037500
1 0.491943 0.628385 0.014650 0.043229
1 0.521828 0.594792 0.007618 0.023958
1 0.530472 0.586198 0.005567 0.021354
1 0.540287 0.589323 0.009962 0.025521
1 0.559185 0.620313 0.009669 0.027083
1 0.598447 0.600260 0.011427 0.033854
1 0.632142 0.638021 0.016115 0.034375
0 0.674773 0.598698 0.008790 0.031771
1 0.673161 0.620313 0.015529 0.017708
1 0.787723 0.561458 0.006739 0.020833
1 0.853794 0.564323 0.005860 0.017188
