1 0.003809 0.655729 0.007032 0.044792
1 0.038529 0.621615 0.007911 0.036979
1 0.064020 0.605729 0.011427 0.038542
1 0.083797 0.592708 0.005860 0.026042
1 0.102696 0.612760 0.011427 0.033854
1 0.058160 0.691927 0.020217 0.067187
1 0.135365 0.583854 0.008204 0.017708
1 0.099912 0.533594 0.007032 0.005729
1 0.104161 0.553125 0.003809 0.015625
0 0.112804 0.537500 0.006446 0.009375
0 0.115587 0.535156 0.006739 0.008854
0 0.118957 0.546354 0.010548 0.011458
0 0.130970 0.548177 0.009376 0.015104
1 0.177410 0.548958 0.007325 0.017708
0 0.184735 0.577604 0.010841 0.015625
1 0.190448 0.549479 0.005274 0.018750
1 0.192353 0.546354 0.006153 0.015625
1 0.208907 0.547917 0.005860 0.013542
1 0.220627 0.546615 0.004688 0.011979
1 0.200410 0.648177 0.015822 0.050521
1 0.237914 0.643229 0.016408 0.041667
1 0.246997 0.546875 0.006446 0.021875
0 0.253150 0.573958 0.012306 0.012500
1 0.267800 0.539583 0.004102 0.017708
0 0.279959 0.545312 0.009669 0.014583
1 0.254761 0.584896 0.008497 0.019792
1 0.267507 0.603646 0.012306 0.032292
1 0.288456 0.569271 0.006153 0.022917
1 0.297392 0.550260 0.005274 0.015104
1 0.318488 0.593490 0.005860 0.022396
1 0.325960 0.601302 0.007325 0.020313
1 0.340463 0.528646 0.004688 0.009375
1 0.348520 0.571354 0.006153 0.017708
1 0.360240 0.535677 0.004981 0.015104
1 0.362145 0.570833 0.005860 0.025000
1 0.365807 0.593229 0.008497 0.021875
1 0.375183 0.575781 0.006153 0.022396
1 0.388661 0.546094 0.006153 0.014063
1 0.388222 0.583333 0.007618 0.022917
1 0.392763 0.633854 0.010255 0.039583
1 0.400967 0.660677 0.019045 0.056771
1 0.438764 0.609635 0.012013 0.026562
1 0.460738 0.612500 0.006739 0.036458
1 0.492822 0.629427 0.011134 0.044271
1 0.523733 0.594531 0.006739 0.021354
1 0.533255 0.586198 0.005274 0.021354
1 0.542924 0.588281 0.008790 0.023438
1 0.562408 0.619531 0.012599 0.025521
1 0.601231 0.600260 0.011134 0.032813
1 0.634193 0.639323 0.015529 0.038021
0 0.678728 0.598177 0.008497 0.029687
1 0.676531 0.620573 0.015822 0.014063
1 0.793876 0.561458 0.006153 0.020833
1 0.861705 0.566406 0.005860 0.018229
1 0.178875 0.723177 0.020803 0.063021
1 0.056402 0.548438 0.006153 0.017708
1 0.070173 0.538802 0.003809 0.015104
1 0.071931 0.548958 0.004981 0.015625
1 0.079988 0.541927 0.006446 0.016146
1 0.126428 0.534896 0.009083 0.012500
1 0.132581 0.538021 0.005567 0.014583
0 0.136537 0.533594 0.005860 0.008854
0 0.142250 0.531771 0.006153 0.007292
0 0.155435 0.539583 0.009083 0.012500
0 0.163493 0.535937 0.005860 0.013542
1 0.169645 0.538281 0.008204 0.010937
1 0.179021 0.544792 0.005860 0.014583
1 0.185907 0.532292 0.005567 0.008333
0 0.200850 0.534896 0.008497 0.011458
0 0.209054 0.530208 0.004395 0.010417
0 0.227073 0.532552 0.007618 0.010937
1 0.233079 0.538281 0.004981 0.008854
0 0.233519 0.532292 0.004102 0.008333
0 0.237035 0.531510 0.004102 0.008854
0 0.238060 0.526823 0.004981 0.010937
0 0.244653 0.528646 0.007032 0.007292
0 0.261061 0.528385 0.004688 0.006771
