1 0.005713 0.654948 0.010841 0.046354
1 0.040434 0.623698 0.008204 0.035937
1 0.064606 0.686979 0.019631 0.060417
1 0.053619 0.548958 0.006446 0.018750
1 0.065045 0.606771 0.011720 0.039583
1 0.066510 0.539583 0.004102 0.014583
1 0.076619 0.542969 0.006739 0.017188
1 0.068854 0.549219 0.006446 0.017188
1 0.083504 0.593229 0.006446 0.027083
1 0.095957 0.533854 0.007325 0.007292
1 0.101670 0.553385 0.004102 0.016146
1 0.103868 0.613021 0.012013 0.034375
1 0.134486 0.584115 0.009376 0.018229
0 0.115441 0.544531 0.012306 0.017188
0 0.128186 0.548177 0.009669 0.016146
1 0.174480 0.549219 0.007325 0.017188
0 0.184149 0.578646 0.012599 0.019792
1 0.190155 0.546094 0.007032 0.016146
1 0.206270 0.547656 0.006446 0.014063
1 0.203047 0.648698 0.016994 0.050521
0 0.197627 0.535937 0.006153 0.009375
1 0.217844 0.547396 0.004981 0.013542
1 0.244360 0.547656 0.005274 0.023438
0 0.251978 0.575521 0.012892 0.014583
1 0.254322 0.586198 0.009962 0.020313
1 0.267800 0.604688 0.012892 0.033333
1 0.265016 0.540625 0.004981 0.018750
0 0.277322 0.544531 0.009669 0.015104
1 0.295195 0.552344 0.006153 0.019271
1 0.287137 0.569531 0.005860 0.024479
1 0.318049 0.594531 0.006153 0.025521
1 0.325813 0.602083 0.008204 0.021875
1 0.337093 0.528125 0.004395 0.010417
1 0.357310 0.535937 0.004981 0.016667
1 0.347202 0.571875 0.007032 0.018750
1 0.360973 0.571094 0.005860 0.026562
1 0.365661 0.592969 0.007618 0.023438
1 0.374011 0.576302 0.006739 0.022396
1 0.386171 0.546094 0.005274 0.014063
1 0.386903 0.583594 0.007911 0.023438
1 0.417082 0.523438 0.004981 0.008333
0 0.152359 0.540625 0.010548 0.014583
1 0.186639 0.722917 0.021096 0.063542
1 0.240551 0.643750 0.016408 0.043750
1 0.312482 0.658594 0.009083 0.030729
1 0.394228 0.632812 0.009669 0.039583
1 0.403311 0.666667 0.020803 0.069792
1 0.439789 0.609635 0.011134 0.026562
1 0.460299 0.613542 0.006446 0.039583
1 0.491943 0.631510 0.012892 0.047396
1 0.522414 0.594792 0.007618 0.023958
1 0.531351 0.588281 0.005567 0.025521
1 0.541020 0.588802 0.009669 0.024479
1 0.560650 0.623177 0.011427 0.030729
1 0.599180 0.599479 0.012306 0.033333
1 0.632581 0.640885 0.016408 0.039062
0 0.676238 0.597656 0.009376 0.029687
1 0.674333 0.619792 0.015529 0.014583
1 0.789628 0.561979 0.007618 0.020833
1 0.855992 0.565625 0.005567 0.018750
0 0.109435 0.538021 0.006153 0.009375
0 0.112511 0.536198 0.007032 0.009896
0 0.133167 0.533333 0.006153 0.008333
1 0.129358 0.538542 0.004981 0.014583
0 0.124377 0.535417 0.006739 0.011458
0 0.138734 0.532292 0.006153 0.008333
0 0.149868 0.530469 0.006153 0.007812
0 0.160270 0.536458 0.005860 0.012500
0 0.166569 0.538802 0.008497 0.010937
1 0.177117 0.529167 0.004981 0.006250
0 0.205977 0.528906 0.004688 0.010937
0 0.230149 0.532292 0.004395 0.007292
1 0.230589 0.538802 0.005860 0.008854
0 0.240844 0.528385 0.007032 0.009896
0 0.257691 0.528125 0.004981 0.007292
0 0.233226 0.531250 0.004688 0.008333
