1 0.019484 0.213802 0.003809 0.005729
1 0.007178 0.233333 0.005567 0.008333
1 0.017287 0.223177 0.003516 0.007812
1 0.008643 0.245312 0.004981 0.006250
1 0.005713 0.249740 0.004395 0.006771
1 0.033841 0.213542 0.004981 0.005208
1 0.034720 0.218490 0.003809 0.004687
1 0.030179 0.230469 0.004688 0.007812
1 0.028128 0.238542 0.003516 0.008333
1 0.038529 0.247135 0.003223 0.006771
1 0.015089 0.295573 0.004395 0.009896
1 0.033988 0.296094 0.005860 0.009896
1 0.060064 0.218490 0.004688 0.008854
1 0.088339 0.196875 0.002637 0.006250
1 0.058892 0.275781 0.004688 0.008854
1 0.068854 0.278906 0.002930 0.007812
1 0.091122 0.218750 0.004688 0.009375
1 0.104161 0.226823 0.003223 0.007812
1 0.107237 0.207031 0.004102 0.008854
1 0.119396 0.219010 0.004395 0.007812
1 0.093759 0.241927 0.003516 0.005729
1 0.081160 0.264844 0.002344 0.006771
1 0.059771 0.308594 0.005274 0.005729
1 0.075593 0.167969 0.012306 0.011979
1 0.123352 0.252083 0.002930 0.008333
1 0.112364 0.258594 0.002637 0.007812
1 0.102696 0.256250 0.005567 0.011458
1 0.095957 0.280729 0.004981 0.005208
1 0.108702 0.280469 0.004102 0.010937
1 0.142397 0.214323 0.003516 0.005729
1 0.131849 0.231510 0.003516 0.005729
1 0.159244 0.201302 0.003223 0.006771
1 0.142543 0.235417 0.002637 0.007292
1 0.140492 0.245052 0.003809 0.007812
1 0.146206 0.215365 0.002930 0.007812
1 0.111485 0.191927 0.006153 0.006771
1 0.125110 0.168229 0.005860 0.010417
1 0.129358 0.176042 0.004395 0.006250
1 0.162907 0.160677 0.002930 0.006771
1 0.177263 0.172656 0.004102 0.006771
1 0.165104 0.202865 0.003809 0.007812
1 0.175652 0.203385 0.004395 0.006771
1 0.194257 0.179167 0.004102 0.006250
1 0.207296 0.198177 0.003223 0.006771
1 0.158805 0.228906 0.002930 0.006771
1 0.238207 0.182552 0.005274 0.008854
1 0.236156 0.222656 0.003516 0.011979
1 0.229270 0.228385 0.002637 0.009896
1 0.207882 0.228646 0.003809 0.006250
1 0.205538 0.218750 0.002637 0.007292
1 0.248755 0.187240 0.002344 0.005729
1 0.266188 0.168490 0.002637 0.005729
1 0.243188 0.200781 0.004688 0.005729
1 0.238793 0.165104 0.002930 0.005208
1 0.205391 0.259896 0.007032 0.016667
1 0.288456 0.156250 0.004395 0.010417
1 0.273367 0.197135 0.002930 0.006771
1 0.273806 0.216667 0.004981 0.008333
1 0.355552 0.189062 0.004981 0.010417
1 0.370642 0.163802 0.003516 0.005729
1 0.355845 0.175000 0.002637 0.006250
1 0.330501 0.175260 0.006446 0.006771
1 0.360533 0.201823 0.003809 0.009896
1 0.372693 0.215885 0.002930 0.008854
1 0.339877 0.202083 0.002930 0.006250
1 0.270144 0.184115 0.003516 0.004687
1 0.285672 0.198958 0.004102 0.004167
1 0.307061 0.156510 0.004688 0.011979
1 0.333870 0.230729 0.003809 0.008333
1 0.233079 0.248438 0.004981 0.009375
1 0.242748 0.241927 0.003809 0.007812
1 0.248608 0.232813 0.002051 0.005208
1 0.257691 0.228125 0.002637 0.005208
1 0.251831 0.243490 0.003223 0.006771
1 0.249780 0.250260 0.003223 0.006771
1 0.269851 0.228646 0.002930 0.006250
1 0.259889 0.256771 0.002930 0.007292
1 0.263844 0.257292 0.003223 0.005208
1 0.242016 0.273958 0.005274 0.006250
1 0.242748 0.291927 0.003223 0.006771
1 0.233226 0.297656 0.005274 0.006771
1 0.095371 0.165365 0.005567 0.010937
1 0.140199 0.255990 0.004395 0.005729
1 0.157926 0.256510 0.004102 0.009896
1 0.169352 0.260677 0.004102 0.004687
1 0.164372 0.262240 0.004102 0.006771
1 0.117492 0.304167 0.005274 0.010417
1 0.112804 0.324740 0.003516 0.014063
1 0.090097 0.326042 0.004395 0.010417
1 0.047759 0.348438 0.004688 0.008333
1 0.049224 0.363281 0.004688 0.004687
1 0.008204 0.379167 0.005274 0.011458
1 0.072517 0.405469 0.008497 0.013021
1 0.095517 0.400000 0.007032 0.012500
1 0.097422 0.343750 0.006153 0.012500
1 0.050982 0.386719 0.010548 0.008854
1 0.025198 0.469271 0.007032 0.016667
1 0.042338 0.522396 0.006153 0.015625
1 0.054791 0.495833 0.005860 0.009375
1 0.107091 0.433333 0.004981 0.020833
1 0.081307 0.448958 0.009083 0.013542
1 0.072956 0.475000 0.006446 0.012500
1 0.125549 0.347135 0.003223 0.008854
1 0.134632 0.336979 0.003809 0.006250
1 0.132581 0.354948 0.003809 0.007812
1 0.141811 0.369531 0.003516 0.009896
1 0.167741 0.283594 0.003223 0.006771
1 0.147671 0.294531 0.002930 0.008854
1 0.130237 0.309896 0.004395 0.006250
1 0.184881 0.257812 0.004102 0.008333
1 0.199824 0.274740 0.002930 0.008854
1 0.181072 0.287500 0.008790 0.008333
1 0.186053 0.274479 0.004688 0.007292
1 0.192206 0.269271 0.002930 0.006250
1 0.180486 0.302865 0.002930 0.006771
1 0.162760 0.350521 0.007911 0.011458
1 0.168327 0.320312 0.004395 0.009375
1 0.155582 0.386198 0.003516 0.013021
1 0.141371 0.395313 0.004981 0.009375
1 0.125989 0.468490 0.010548 0.010937
1 0.144741 0.458854 0.005860 0.011458
1 0.118224 0.419271 0.003809 0.010417
1 0.151480 0.514062 0.007618 0.014583
1 0.161735 0.478125 0.004102 0.010417
1 0.168034 0.505729 0.006739 0.010417
1 0.159244 0.515625 0.007911 0.008333
1 0.211398 0.311198 0.003809 0.006771
1 0.205831 0.351042 0.006153 0.012500
1 0.197041 0.383073 0.004981 0.011979
1 0.206417 0.398438 0.005567 0.007292
1 0.225168 0.384115 0.004395 0.008854
1 0.211251 0.373437 0.005860 0.009375
1 0.219309 0.478125 0.004981 0.013542
1 0.210372 0.523698 0.004688 0.015104
1 0.210958 0.532813 0.007618 0.013542
1 0.203926 0.419010 0.004102 0.009896
1 0.208028 0.436719 0.004102 0.005729
1 0.259742 0.421354 0.004395 0.008333
1 0.273806 0.391667 0.003223 0.010417
1 0.254468 0.312760 0.002637 0.008854
1 0.089657 0.486198 0.005860 0.008854
1 0.075740 0.518490 0.007911 0.009896
1 0.033695 0.584115 0.005860 0.006771
1 0.044389 0.592708 0.004981 0.006250
1 0.110021 0.570573 0.004395 0.015104
1 0.119396 0.587240 0.007911 0.008854
1 0.093173 0.642188 0.009376 0.009375
1 0.122766 0.653646 0.006446 0.009375
1 0.176238 0.619792 0.006153 0.015625
1 0.150015 0.635156 0.006446 0.011979
1 0.272341 0.455469 0.007325 0.019271
1 0.274539 0.473438 0.008790 0.007292
1 0.245825 0.538802 0.003516 0.007812
1 0.264723 0.534635 0.004981 0.007812
1 0.257838 0.546094 0.005274 0.007812
1 0.254175 0.598698 0.007911 0.009896
1 0.287137 0.596615 0.005860 0.013021
1 0.285672 0.553125 0.004688 0.008333
1 0.287577 0.641406 0.004981 0.009896
1 0.337679 0.727083 0.009083 0.018750
1 0.317609 0.815365 0.005274 0.020313
1 0.304424 0.878646 0.008790 0.014583
1 0.287577 0.509635 0.009083 0.018229
1 0.308380 0.521875 0.007325 0.007292
1 0.329622 0.554427 0.004688 0.014063
1 0.347495 0.602865 0.005274 0.009896
1 0.335042 0.638542 0.006153 0.011458
1 0.334749 0.653125 0.006153 0.007292
1 0.231028 0.325781 0.003223 0.006771
1 0.259596 0.348698 0.005274 0.005729
1 0.278640 0.369792 0.004102 0.011458
1 0.290067 0.385677 0.005274 0.006771
1 0.291679 0.358594 0.003223 0.011979
1 0.302813 0.366927 0.006153 0.008854
1 0.312042 0.359635 0.003516 0.010937
1 0.317170 0.378646 0.003809 0.007292
1 0.276004 0.250781 0.005274 0.006771
1 0.267653 0.288542 0.003223 0.005208
1 0.288163 0.223698 0.004395 0.006771
1 0.300322 0.233073 0.002930 0.005729
1 0.306915 0.238021 0.003223 0.007292
1 0.283035 0.254167 0.003516 0.008333
1 0.282742 0.260937 0.003516 0.005208
1 0.302959 0.297135 0.005860 0.006771
1 0.281863 0.327083 0.003516 0.007292
1 0.351450 0.237240 0.002051 0.004687
1 0.347348 0.257292 0.002637 0.007292
1 0.346469 0.264323 0.004395 0.006771
1 0.323762 0.294792 0.003516 0.008333
1 0.328304 0.305208 0.004395 0.007292
1 0.328011 0.355208 0.003223 0.008333
1 0.333285 0.358073 0.003223 0.008854
1 0.331234 0.378125 0.002637 0.007292
1 0.341342 0.397135 0.004102 0.015104
1 0.294755 0.479687 0.005274 0.007292
1 0.306036 0.472917 0.003809 0.007292
1 0.332406 0.431771 0.004395 0.005208
1 0.349253 0.433854 0.003516 0.006250
1 0.339144 0.460938 0.009669 0.016667
1 0.341635 0.486979 0.005860 0.007292
1 0.359654 0.460938 0.006153 0.007292
1 0.355699 0.473177 0.004688 0.007812
1 0.381336 0.381250 0.005567 0.006250
1 0.357896 0.402083 0.004981 0.005208
1 0.391298 0.406510 0.003809 0.006771
1 0.378260 0.415885 0.004102 0.010937
1 0.371814 0.426823 0.003516 0.008854
1 0.388075 0.436458 0.003223 0.005208
1 0.373132 0.439323 0.004395 0.006771
1 0.373572 0.461979 0.004102 0.006250
1 0.390565 0.448958 0.002930 0.005208
1 0.348813 0.488021 0.004395 0.007292
1 0.374158 0.488802 0.007032 0.011979
1 0.397890 0.471615 0.004688 0.011979
1 0.403604 0.495312 0.003809 0.008333
1 0.399062 0.517188 0.004688 0.012500
1 0.372253 0.536719 0.008497 0.015104
1 0.390419 0.528385 0.003223 0.006771
1 0.345883 0.312500 0.005567 0.007292
1 0.383387 0.279427 0.005567 0.007812
1 0.395107 0.294792 0.007911 0.009375
1 0.385878 0.327344 0.003516 0.007812
1 0.393935 0.324479 0.006739 0.006250
1 0.382801 0.341667 0.004395 0.009375
1 0.333431 0.286458 0.002344 0.005208
1 0.381043 0.292187 0.004395 0.006250
1 0.406241 0.365885 0.006739 0.007812
1 0.410782 0.410156 0.005274 0.009896
1 0.408731 0.314323 0.002930 0.007812
1 0.390565 0.351823 0.004688 0.008854
1 0.417814 0.330208 0.003516 0.010417
1 0.370935 0.279948 0.004688 0.003646
1 0.419279 0.174479 0.002344 0.008333
1 0.425579 0.182031 0.002051 0.006771
1 0.416642 0.211979 0.002930 0.008333
1 0.402871 0.274479 0.002930 0.007292
1 0.436713 0.213021 0.002637 0.005208
1 0.420744 0.257552 0.001758 0.005729
1 0.411661 0.286458 0.002930 0.006250
1 0.430853 0.280469 0.004395 0.005729
1 0.452974 0.196875 0.002930 0.006250
1 0.468210 0.218490 0.002344 0.005729
1 0.449165 0.243229 0.004102 0.004167
1 0.445209 0.254688 0.003223 0.005208
1 0.443891 0.262240 0.002930 0.007812
1 0.428948 0.299479 0.003516 0.007292
1 0.433343 0.317188 0.005860 0.006250
1 0.456783 0.275000 0.002344 0.006250
1 0.457076 0.250000 0.002930 0.006250
1 0.420012 0.380208 0.005567 0.008333
1 0.435541 0.350260 0.004395 0.006771
1 0.446967 0.364844 0.003223 0.008854
1 0.406534 0.345573 0.004395 0.005729
1 0.466891 0.266146 0.003809 0.012500
1 0.493115 0.227083 0.004102 0.007292
1 0.483739 0.272396 0.003516 0.008333
1 0.470407 0.306510 0.003223 0.006771
1 0.453120 0.295312 0.003809 0.006250
1 0.456050 0.308073 0.004395 0.009896
1 0.460885 0.315625 0.003516 0.007292
1 0.510108 0.251823 0.002344 0.007812
1 0.539262 0.226302 0.004395 0.007812
1 0.517580 0.203385 0.002051 0.007812
1 0.523440 0.245833 0.004395 0.005208
1 0.529300 0.242188 0.003809 0.005208
1 0.496338 0.271875 0.003516 0.004167
1 0.523147 0.271354 0.002637 0.006250
1 0.528274 0.280729 0.002930 0.005208
1 0.537211 0.306771 0.002637 0.010417
1 0.512745 0.308854 0.004102 0.010417
1 0.519338 0.309375 0.004981 0.008333
1 0.506153 0.325781 0.002637 0.013021
1 0.491064 0.341927 0.011720 0.020313
1 0.482860 0.358333 0.012892 0.021875
1 0.433490 0.382552 0.015529 0.017188
1 0.457515 0.372396 0.005567 0.005208
1 0.454292 0.389844 0.003809 0.010937
1 0.432171 0.407031 0.007032 0.005729
1 0.427190 0.412500 0.002930 0.005208
1 0.474509 0.378906 0.002637 0.010937
1 0.424993 0.438802 0.004395 0.010937
1 0.492968 0.444271 0.004981 0.006250
1 0.508790 0.403646 0.002637 0.011458
1 0.518605 0.409375 0.002930 0.011458
1 0.514796 0.349479 0.004102 0.012500
1 0.545708 0.307292 0.004395 0.008333
1 0.545708 0.336719 0.003223 0.009896
1 0.550249 0.312760 0.004688 0.004687
1 0.489306 0.386198 0.005274 0.006771
1 0.495019 0.414062 0.004395 0.008333
1 0.512745 0.467448 0.005274 0.013021
1 0.443745 0.463281 0.005567 0.007812
1 0.441547 0.495052 0.005860 0.006771
1 0.446528 0.514583 0.008204 0.011458
1 0.462203 0.512500 0.006153 0.008333
1 0.457515 0.534896 0.004981 0.012500
1 0.502490 0.486979 0.004102 0.010417
1 0.495166 0.499219 0.003516 0.010937
1 0.474509 0.469271 0.003223 0.006250
1 0.454585 0.559115 0.004981 0.009896
1 0.537211 0.416667 0.009669 0.025000
1 0.544096 0.429688 0.005860 0.011458
1 0.543217 0.466927 0.007618 0.011979
1 0.524319 0.500000 0.004981 0.009375
1 0.493261 0.548958 0.007325 0.010417
1 0.501172 0.563542 0.004981 0.009375
1 0.462936 0.601823 0.005274 0.010937
1 0.521975 0.572656 0.006153 0.011979
1 0.503809 0.633333 0.008497 0.010417
1 0.527835 0.647396 0.010841 0.020833
1 0.550396 0.642969 0.004395 0.013021
1 0.573835 0.653646 0.006153 0.012500
1 0.588925 0.533333 0.004102 0.014583
1 0.614562 0.566667 0.004395 0.025000
1 0.564166 0.434375 0.004981 0.008333
1 0.580281 0.484635 0.006153 0.013021
1 0.598740 0.444792 0.003223 0.007292
1 0.617931 0.498177 0.007032 0.011979
1 0.569147 0.376302 0.004981 0.006771
1 0.572663 0.410156 0.003223 0.008854
1 0.598740 0.381250 0.002637 0.010417
1 0.590829 0.397135 0.003809 0.006771
1 0.550542 0.227865 0.003516 0.005729
1 0.564020 0.242188 0.004688 0.006250
1 0.573982 0.202604 0.005860 0.006250
1 0.590097 0.215104 0.004102 0.004167
1 0.596396 0.230208 0.004981 0.005208
1 0.587313 0.246354 0.004395 0.007292
1 0.604893 0.266146 0.003223 0.012500
1 0.601524 0.304167 0.004102 0.008333
1 0.598301 0.322656 0.005860 0.006771
1 0.622912 0.286979 0.004102 0.007292
1 0.630677 0.239063 0.004981 0.004167
1 0.645034 0.236979 0.003809 0.005208
1 0.655142 0.245833 0.002930 0.008333
1 0.637416 0.256250 0.003223 0.005208
1 0.670085 0.234635 0.004688 0.006771
1 0.672868 0.215104 0.004395 0.008333
1 0.653824 0.278385 0.004981 0.004687
1 0.660709 0.284896 0.004102 0.007292
1 0.633460 0.316667 0.007032 0.009375
1 0.639760 0.355990 0.003223 0.008854
1 0.636390 0.365104 0.003516 0.009375
1 0.684881 0.234896 0.004981 0.010417
1 0.687665 0.283854 0.005860 0.004167
1 0.670964 0.350781 0.004102 0.005729
1 0.660563 0.387760 0.006153 0.010937
1 0.682244 0.378125 0.004395 0.008333
1 0.666569 0.415365 0.002930 0.007812
1 0.701729 0.335156 0.003516 0.015104
1 0.745239 0.328646 0.006739 0.007292
1 0.772048 0.312240 0.002930 0.011979
1 0.720774 0.316667 0.003516 0.013542
1 0.754468 0.340365 0.005274 0.007812
1 0.735570 0.344792 0.003223 0.009375
1 0.698359 0.349740 0.003809 0.008854
1 0.752710 0.351562 0.005274 0.007292
1 0.709200 0.362240 0.004395 0.008854
1 0.712716 0.378906 0.004395 0.006771
1 0.712570 0.408594 0.004688 0.009896
1 0.718723 0.327865 0.005860 0.009896
1 0.741723 0.278125 0.004981 0.006250
1 0.792851 0.238281 0.005860 0.005729
1 0.829622 0.255208 0.005567 0.006250
1 0.832406 0.294531 0.004688 0.005729
1 0.836361 0.342708 0.006153 0.007292
1 0.844418 0.363542 0.005274 0.008333
1 0.835189 0.382292 0.004981 0.013542
1 0.845883 0.384375 0.006446 0.012500
1 0.887929 0.294792 0.005567 0.011458
1 0.919133 0.313802 0.004688 0.013021
1 0.883827 0.353385 0.004395 0.011979
1 0.923528 0.337240 0.004688 0.007812
1 0.959859 0.347135 0.004102 0.010937
1 0.904043 0.349219 0.005567 0.005729
1 0.660416 0.599740 0.006446 0.019271
1 0.666423 0.540625 0.004981 0.010417
1 0.698359 0.490885 0.007911 0.010937
1 0.787577 0.464844 0.004102 0.019271
1 0.767360 0.469792 0.003516 0.010417
1 0.772048 0.476302 0.006446 0.014063
1 0.785965 0.494271 0.004395 0.011458
1 0.439350 0.619271 0.007911 0.009375
1 0.483006 0.730729 0.005567 0.021875
1 0.025930 0.765104 0.009083 0.019792
1 0.074714 0.309375 0.005860 0.009375
1 0.150161 0.350521 0.004395 0.006250
