0 0.016115 0.500000 0.005274 0.008333
0 0.012013 0.523698 0.007032 0.008854
0 0.005420 0.543229 0.010255 0.009375
0 0.014503 0.557031 0.009669 0.010937
0 0.035013 0.486198 0.010255 0.009896
0 0.048198 0.486458 0.010841 0.010417
0 0.044243 0.507812 0.005860 0.010417
0 0.044682 0.530469 0.010841 0.010937
0 0.042045 0.561198 0.007911 0.015104
0 0.045268 0.579167 0.012013 0.009375
0 0.066217 0.478646 0.005860 0.010417
0 0.070026 0.511198 0.012306 0.011979
0 0.070759 0.550781 0.018459 0.015104
0 0.090976 0.479167 0.004981 0.008333
0 0.093320 0.488021 0.004395 0.009375
0 0.115441 0.476302 0.007618 0.014063
0 0.122619 0.480990 0.004981 0.009896
0 0.100498 0.506771 0.009376 0.009375
0 0.113683 0.522917 0.009962 0.012500
0 0.118664 0.564063 0.019924 0.012500
0 0.136683 0.498177 0.009669 0.007812
0 0.144887 0.525781 0.009669 0.010937
0 0.148989 0.584896 0.021389 0.018750
0 0.161002 0.644271 0.017873 0.017708
0 0.168766 0.473958 0.004102 0.011458
0 0.160709 0.493229 0.007325 0.008333
0 0.161149 0.510417 0.007618 0.010417
0 0.180340 0.481250 0.009083 0.010417
0 0.181365 0.548698 0.017580 0.016146
0 0.173161 0.563281 0.012306 0.020313
0 0.190009 0.491667 0.004981 0.009375
0 0.194257 0.502865 0.006446 0.011979
0 0.193378 0.532813 0.010548 0.015625
0 0.220334 0.457292 0.005274 0.010417
0 0.230003 0.463802 0.004688 0.009896
0 0.231175 0.474219 0.009376 0.009896
0 0.225608 0.480729 0.011720 0.014583
0 0.215939 0.492969 0.012306 0.009896
0 0.214474 0.519531 0.009376 0.007812
0 0.232054 0.603646 0.007618 0.012500
0 0.257105 0.454948 0.003809 0.006771
0 0.261207 0.467708 0.004395 0.008333
0 0.275711 0.472396 0.009962 0.009375
0 0.258717 0.519792 0.008790 0.022917
0 0.277176 0.507031 0.008790 0.010937
0 0.282742 0.452865 0.005860 0.011979
0 0.292558 0.446875 0.007911 0.008333
0 0.298857 0.463802 0.008790 0.009896
0 0.300762 0.500781 0.014943 0.011979
0 0.292118 0.527083 0.014650 0.021875
0 0.261354 0.560417 0.011720 0.015625
0 0.285086 0.564323 0.017580 0.018229
0 0.318781 0.434375 0.006446 0.008333
0 0.342660 0.442969 0.007325 0.006771
0 0.325081 0.466406 0.009669 0.014063
0 0.347641 0.451823 0.004981 0.008854
0 0.347934 0.462500 0.004981 0.008333
0 0.334017 0.480729 0.008204 0.015625
0 0.322883 0.507812 0.008790 0.010417
0 0.287870 0.587500 0.017873 0.016667
0 0.269851 0.615104 0.018166 0.035417
0 0.343100 0.553646 0.007618 0.018750
0 0.353648 0.516927 0.008790 0.010937
0 0.381043 0.465104 0.006153 0.010417
0 0.378553 0.498698 0.011134 0.016146
0 0.372107 0.561719 0.006446 0.016146
0 0.384852 0.550781 0.007325 0.024479
0 0.358482 0.588802 0.014943 0.024479
0 0.388808 0.433333 0.004688 0.012500
0 0.387636 0.453385 0.004102 0.010937
0 0.395253 0.436198 0.006446 0.010937
0 0.394814 0.446615 0.004981 0.010937
0 0.398769 0.466146 0.007618 0.013542
0 0.414884 0.426563 0.005274 0.009375
0 0.407413 0.442188 0.007325 0.010417
0 0.431146 0.430469 0.004981 0.008854
0 0.442426 0.442708 0.005860 0.008333
0 0.421623 0.440625 0.007032 0.008333
0 0.435834 0.467448 0.005567 0.011979
0 0.397011 0.495312 0.009376 0.014583
0 0.400234 0.529427 0.014650 0.021354
0 0.434222 0.502865 0.015236 0.020313
0 0.451948 0.511458 0.016701 0.021875
0 0.432171 0.543229 0.015236 0.016667
0 0.467770 0.422917 0.007325 0.006250
0 0.470554 0.433073 0.005860 0.006771
0 0.477879 0.415885 0.003516 0.008854
0 0.485057 0.409896 0.004395 0.006250
0 0.478025 0.427604 0.006153 0.009375
0 0.484911 0.419531 0.005274 0.009896
0 0.475535 0.442969 0.008790 0.013021
0 0.468942 0.461198 0.010255 0.018229
0 0.465280 0.480729 0.009376 0.011458
0 0.498682 0.409635 0.004688 0.004687
0 0.501172 0.414062 0.006739 0.006250
0 0.492529 0.450000 0.006446 0.012500
0 0.489306 0.456510 0.009962 0.013021
0 0.487401 0.490365 0.012599 0.018229
0 0.478611 0.499219 0.007911 0.018229
0 0.520510 0.430990 0.009083 0.009896
0 0.528128 0.437500 0.007911 0.008333
0 0.505860 0.482031 0.009669 0.007812
0 0.542778 0.416667 0.004981 0.007292
0 0.552447 0.410156 0.005567 0.009896
0 0.548198 0.422135 0.004688 0.017188
0 0.522561 0.489844 0.011427 0.007812
0 0.576472 0.405469 0.002637 0.006771
0 0.575593 0.423958 0.004981 0.010417
0 0.563727 0.463281 0.011134 0.016146
0 0.546147 0.454167 0.011134 0.013542
0 0.540873 0.482812 0.008204 0.013542
0 0.554791 0.480729 0.014357 0.020833
0 0.588046 0.415365 0.005274 0.007812
0 0.610460 0.415625 0.004395 0.008333
0 0.578816 0.476302 0.007325 0.017188
0 0.570319 0.502865 0.007911 0.011979
0 0.567243 0.560156 0.019338 0.026562
0 0.599619 0.457552 0.009083 0.007812
0 0.590243 0.500521 0.013771 0.019792
0 0.581453 0.517708 0.015529 0.023958
0 0.616906 0.437240 0.007911 0.010937
0 0.617785 0.449219 0.007325 0.010937
0 0.618810 0.464844 0.011134 0.010937
0 0.608849 0.505990 0.012306 0.019271
0 0.661149 0.421354 0.007325 0.011458
0 0.653677 0.446094 0.009962 0.013021
0 0.647231 0.508594 0.018752 0.020313
0 0.504541 0.545573 0.014064 0.023438
0 0.484325 0.567448 0.016994 0.024479
0 0.489892 0.609115 0.018752 0.018229
0 0.502637 0.640365 0.016701 0.019271
0 0.542631 0.661719 0.019338 0.015104
0 0.587753 0.611719 0.015236 0.019271
0 0.612071 0.601302 0.011720 0.011979
0 0.658805 0.554948 0.015529 0.017188
0 0.662174 0.578125 0.019338 0.015625
0 0.648696 0.595573 0.022268 0.015104
0 0.723410 0.543229 0.018752 0.023958
0 0.726926 0.583333 0.014650 0.023958
0 0.715793 0.634115 0.028128 0.022396
0 0.774099 0.579688 0.019338 0.028125
0 0.815119 0.548177 0.015236 0.022396
0 0.825960 0.577083 0.020510 0.033333
0 0.808233 0.507812 0.006153 0.019792
0 0.842953 0.515625 0.013478 0.017708
0 0.847495 0.546615 0.017873 0.028646
0 0.836068 0.620833 0.025491 0.032292
0 0.917814 0.541927 0.013185 0.014063
