0 0.011427 0.523438 0.006446 0.010417
0 0.015089 0.499479 0.005567 0.008333
0 0.036185 0.487240 0.006153 0.008854
0 0.005127 0.543229 0.009669 0.009375
0 0.014503 0.557031 0.009083 0.010937
0 0.047612 0.486458 0.010255 0.009375
0 0.043950 0.507812 0.005274 0.010417
0 0.045268 0.530729 0.009669 0.011458
0 0.041459 0.561719 0.007911 0.014063
0 0.044389 0.580208 0.014357 0.014583
0 0.065338 0.479427 0.005274 0.009896
0 0.068854 0.511458 0.012892 0.011458
0 0.070466 0.551562 0.019045 0.015625
0 0.090243 0.478906 0.005274 0.008854
0 0.092734 0.488021 0.004395 0.009375
0 0.099619 0.506771 0.006446 0.007292
0 0.114708 0.476042 0.006739 0.013542
0 0.121740 0.481771 0.004981 0.009375
0 0.112071 0.521354 0.011427 0.015625
0 0.117931 0.564844 0.019631 0.014063
0 0.135511 0.497917 0.012013 0.011458
0 0.168473 0.474740 0.004688 0.011979
0 0.160123 0.494271 0.007325 0.010417
0 0.159977 0.510156 0.007032 0.010937
0 0.145327 0.526042 0.008790 0.010417
0 0.150015 0.586198 0.023440 0.020313
0 0.173747 0.563021 0.014064 0.020833
0 0.182391 0.551042 0.017873 0.020833
0 0.180047 0.481510 0.009083 0.015104
0 0.188983 0.490365 0.007618 0.010937
0 0.193525 0.502083 0.006739 0.012500
0 0.193525 0.533073 0.010841 0.015104
0 0.215793 0.494010 0.010841 0.011979
0 0.214328 0.519792 0.009669 0.009375
0 0.220481 0.457031 0.006739 0.009896
0 0.225315 0.481250 0.011720 0.015625
0 0.229563 0.464062 0.004981 0.009375
0 0.230296 0.475521 0.008790 0.008333
0 0.256812 0.455469 0.004981 0.006771
0 0.260768 0.467448 0.004688 0.008854
0 0.258277 0.519531 0.010841 0.021354
0 0.274832 0.472135 0.009962 0.011979
0 0.277176 0.506250 0.008790 0.012500
0 0.262233 0.560417 0.010548 0.018750
0 0.282889 0.453385 0.006153 0.010937
0 0.292265 0.447135 0.006153 0.008854
0 0.297246 0.462500 0.009083 0.012500
0 0.300615 0.500521 0.015236 0.010417
0 0.292118 0.522917 0.014650 0.015625
0 0.285086 0.564323 0.016994 0.018229
0 0.232200 0.607812 0.006739 0.021875
0 0.324202 0.466667 0.010255 0.013542
0 0.319367 0.435156 0.005860 0.008854
0 0.340902 0.443750 0.010255 0.009375
0 0.347202 0.451562 0.004102 0.008333
0 0.347495 0.462760 0.004102 0.008854
0 0.334603 0.482812 0.005860 0.011458
0 0.322590 0.507292 0.008790 0.010417
0 0.342807 0.554167 0.007618 0.018750
0 0.353648 0.515625 0.007618 0.010417
0 0.377674 0.499219 0.011134 0.015104
0 0.358922 0.588021 0.014064 0.023958
0 0.372253 0.562500 0.006153 0.019792
0 0.384706 0.550521 0.008204 0.023958
0 0.380164 0.464844 0.005567 0.011979
0 0.387196 0.454167 0.004395 0.008333
0 0.395253 0.438021 0.005860 0.010417
0 0.394521 0.447135 0.004981 0.013021
0 0.399062 0.468490 0.005274 0.010937
0 0.396425 0.495312 0.009376 0.013542
0 0.399648 0.529687 0.014650 0.019792
0 0.414884 0.428385 0.004688 0.007812
0 0.406534 0.443490 0.007911 0.009896
0 0.430560 0.429688 0.004395 0.007292
0 0.421330 0.440885 0.007032 0.006771
0 0.442133 0.442448 0.005274 0.006771
0 0.435394 0.467187 0.005860 0.012500
0 0.434076 0.503125 0.016115 0.020833
0 0.432171 0.545312 0.012892 0.017708
0 0.468356 0.422917 0.006739 0.008333
0 0.477000 0.416146 0.003516 0.008333
0 0.484764 0.410156 0.004395 0.006771
0 0.477879 0.427604 0.005860 0.010417
0 0.470847 0.433333 0.005274 0.007292
0 0.483885 0.420052 0.005567 0.009896
0 0.497656 0.410156 0.003809 0.004687
0 0.501025 0.413281 0.005860 0.005729
0 0.475388 0.442188 0.007325 0.014583
0 0.468942 0.460677 0.010255 0.019271
0 0.465280 0.480469 0.009376 0.013021
0 0.451655 0.511458 0.015529 0.020833
0 0.491943 0.450521 0.005860 0.012500
0 0.487987 0.455208 0.010255 0.009375
0 0.487108 0.489844 0.012013 0.016146
0 0.478025 0.497917 0.008497 0.016667
0 0.519045 0.431510 0.009669 0.007812
0 0.504834 0.545833 0.014064 0.023958
0 0.485057 0.566146 0.017873 0.020833
0 0.527395 0.437500 0.007618 0.006250
0 0.506592 0.482292 0.008204 0.010417
0 0.541899 0.416667 0.004395 0.007292
0 0.552007 0.408594 0.005274 0.009896
0 0.547905 0.421094 0.004688 0.014063
0 0.546001 0.454427 0.010841 0.015104
0 0.539848 0.483594 0.009669 0.015104
0 0.522707 0.491146 0.011720 0.011458
0 0.554937 0.480208 0.013478 0.019792
0 0.562994 0.464062 0.011427 0.015625
0 0.567389 0.559115 0.019631 0.025521
0 0.576033 0.405990 0.003516 0.005729
0 0.574714 0.423438 0.004981 0.010417
0 0.587899 0.415625 0.004395 0.008333
0 0.578963 0.477083 0.008204 0.016667
0 0.570173 0.504948 0.008204 0.016146
0 0.609581 0.415885 0.005567 0.010937
0 0.600352 0.458073 0.007032 0.007812
0 0.616466 0.437500 0.008204 0.010417
0 0.590243 0.497135 0.014357 0.011979
0 0.608263 0.504948 0.012892 0.016146
0 0.581746 0.517188 0.014357 0.025000
0 0.660123 0.420573 0.007032 0.011979
0 0.652652 0.445573 0.009083 0.010937
0 0.617052 0.448958 0.008204 0.011458
0 0.618957 0.465625 0.011427 0.009375
0 0.645473 0.506771 0.016994 0.017708
0 0.658219 0.556510 0.016115 0.018229
0 0.268386 0.615365 0.022268 0.036979
0 0.288016 0.586979 0.017580 0.016667
0 0.163493 0.646615 0.013478 0.018229
0 0.490185 0.608333 0.018752 0.016667
0 0.503516 0.641667 0.015529 0.020833
0 0.546001 0.664062 0.015529 0.012500
0 0.588485 0.611198 0.015529 0.018229
0 0.609435 0.601823 0.016408 0.016146
0 0.649722 0.603646 0.020217 0.029167
0 0.661735 0.579427 0.019045 0.016146
0 0.722824 0.543490 0.019338 0.023438
0 0.727073 0.584115 0.013771 0.025521
0 0.714767 0.637760 0.026663 0.030729
0 0.754029 0.470833 0.012013 0.011458
0 0.769704 0.430729 0.007032 0.009375
0 0.848520 0.413021 0.003516 0.007292
0 0.774099 0.580208 0.018752 0.029167
0 0.807940 0.505208 0.005567 0.013542
0 0.814972 0.548438 0.014357 0.022917
0 0.826106 0.576562 0.020217 0.032292
0 0.842221 0.514323 0.013185 0.018229
0 0.847934 0.546354 0.015822 0.028125
0 0.836507 0.622917 0.025784 0.035417
0 0.917082 0.540625 0.012892 0.012500
