0 0.014503 0.500260 0.006153 0.010937
0 0.010694 0.523958 0.006739 0.010417
0 0.005274 0.544271 0.009962 0.010417
0 0.014210 0.557292 0.009083 0.010417
0 0.035746 0.487760 0.005860 0.007812
0 0.048784 0.488281 0.007325 0.006771
0 0.043657 0.509115 0.005274 0.010937
0 0.044829 0.531250 0.009376 0.011458
0 0.041606 0.562500 0.008790 0.015625
0 0.064752 0.480208 0.005274 0.010417
0 0.044975 0.580469 0.011427 0.011979
0 0.069147 0.513021 0.009376 0.009375
0 0.069001 0.551823 0.021389 0.016146
0 0.090243 0.479167 0.004688 0.009375
0 0.092441 0.488281 0.004395 0.007812
0 0.097275 0.506510 0.014064 0.011979
0 0.115001 0.475781 0.006153 0.014063
0 0.121301 0.481510 0.005274 0.009896
0 0.111339 0.522135 0.013478 0.015104
0 0.134779 0.497135 0.012306 0.011979
0 0.118517 0.564844 0.021975 0.015104
0 0.145034 0.526302 0.009962 0.011979
0 0.167887 0.475000 0.005860 0.012500
0 0.158951 0.493490 0.010841 0.009896
0 0.149868 0.586979 0.023147 0.017708
0 0.159830 0.509375 0.010841 0.012500
0 0.180193 0.481771 0.009376 0.011458
0 0.189276 0.492188 0.006446 0.009375
0 0.193232 0.502604 0.006739 0.012500
0 0.193525 0.532552 0.012599 0.013021
0 0.181951 0.551302 0.016994 0.023438
0 0.173308 0.565104 0.014943 0.023958
0 0.163932 0.646615 0.014357 0.018229
0 0.220481 0.457552 0.006739 0.010937
0 0.228831 0.463281 0.005274 0.009896
0 0.230442 0.475000 0.007325 0.009375
0 0.225022 0.480990 0.014064 0.014063
0 0.213595 0.493229 0.016994 0.015625
0 0.214181 0.520312 0.011134 0.011458
0 0.231761 0.601823 0.008204 0.021354
0 0.256373 0.455208 0.004688 0.008333
0 0.260035 0.469010 0.004981 0.009896
0 0.275271 0.472656 0.009083 0.010937
0 0.257984 0.519792 0.010841 0.027083
0 0.277029 0.507292 0.008497 0.011458
0 0.261793 0.560677 0.011427 0.017188
0 0.282596 0.452865 0.006739 0.011979
0 0.292265 0.447656 0.007911 0.013021
0 0.298271 0.464583 0.008790 0.013542
0 0.299150 0.501042 0.015822 0.011458
0 0.291972 0.524740 0.016115 0.016146
0 0.285672 0.565104 0.018166 0.018750
0 0.287577 0.586198 0.019045 0.015104
0 0.268679 0.616146 0.021096 0.033333
0 0.318781 0.435156 0.005860 0.009896
0 0.324055 0.466927 0.009376 0.013021
0 0.335042 0.483594 0.006153 0.010937
0 0.322590 0.507812 0.009962 0.011458
0 0.342660 0.554167 0.009083 0.019792
0 0.353501 0.516667 0.009083 0.011458
0 0.340609 0.443490 0.009083 0.013021
0 0.346909 0.452083 0.005274 0.008333
0 0.347202 0.462760 0.005274 0.010937
0 0.379725 0.463542 0.006446 0.011458
0 0.386464 0.454427 0.003516 0.015104
0 0.387782 0.431510 0.003809 0.008854
0 0.361266 0.589323 0.011134 0.017188
0 0.377820 0.500000 0.010841 0.016667
0 0.372107 0.560677 0.006446 0.015104
0 0.395107 0.436719 0.006153 0.009896
0 0.393935 0.447135 0.004981 0.011979
0 0.384120 0.550781 0.008204 0.023438
0 0.398623 0.470052 0.005567 0.011979
0 0.396132 0.494010 0.009962 0.011979
0 0.399355 0.529948 0.015236 0.019271
0 0.406680 0.443229 0.007032 0.011458
0 0.414445 0.428385 0.004395 0.007812
0 0.421477 0.441406 0.008497 0.008854
0 0.430560 0.430990 0.004395 0.007812
0 0.435394 0.467448 0.005860 0.013021
0 0.433636 0.502604 0.015822 0.020833
0 0.432318 0.546615 0.013185 0.020313
0 0.452095 0.512500 0.015236 0.020833
0 0.441840 0.445312 0.005860 0.012500
0 0.467624 0.423177 0.005860 0.006771
0 0.476560 0.416406 0.004395 0.008854
0 0.469675 0.433073 0.006446 0.005729
0 0.477000 0.427604 0.006446 0.009375
0 0.474949 0.442188 0.007032 0.010417
0 0.468356 0.460156 0.009669 0.018229
0 0.464694 0.480469 0.009376 0.010937
0 0.478758 0.497917 0.008790 0.015625
0 0.484618 0.565625 0.018166 0.018750
0 0.484471 0.410677 0.004981 0.008854
0 0.484032 0.420052 0.005860 0.010937
0 0.491503 0.449740 0.005567 0.013021
0 0.487841 0.455990 0.009376 0.010937
0 0.486522 0.488542 0.012599 0.012500
0 0.500000 0.413281 0.006153 0.008854
0 0.506446 0.481510 0.006739 0.008854
0 0.519777 0.431510 0.007032 0.007812
0 0.526809 0.436458 0.008204 0.009375
0 0.522414 0.490365 0.011720 0.007812
0 0.545561 0.453385 0.011720 0.013021
0 0.539994 0.482031 0.008790 0.009896
0 0.541313 0.417448 0.004395 0.007812
0 0.551128 0.409896 0.005274 0.010417
0 0.547466 0.420573 0.004395 0.014063
0 0.553912 0.480990 0.014943 0.020313
0 0.562555 0.461719 0.011720 0.011979
0 0.575300 0.406771 0.002637 0.007292
0 0.574421 0.423438 0.006153 0.010417
0 0.587606 0.415365 0.004395 0.006771
0 0.578230 0.475781 0.007911 0.016146
0 0.569880 0.505990 0.007618 0.015104
0 0.581600 0.516927 0.014064 0.021354
0 0.609288 0.416406 0.005567 0.008854
0 0.615587 0.436979 0.008790 0.010417
0 0.617785 0.449740 0.004981 0.008854
0 0.598887 0.458333 0.007618 0.008333
0 0.618517 0.465365 0.010548 0.008854
0 0.590097 0.496615 0.014650 0.008854
0 0.608409 0.507031 0.012599 0.021354
0 0.659684 0.419271 0.007325 0.015625
0 0.651919 0.446615 0.009962 0.011979
0 0.646059 0.505469 0.016408 0.013021
0 0.722385 0.544010 0.019631 0.022396
0 0.753882 0.470573 0.011134 0.010937
0 0.769118 0.430208 0.007618 0.010417
0 0.807647 0.510156 0.005567 0.019271
0 0.773806 0.580990 0.019338 0.030729
0 0.842367 0.515104 0.012892 0.015625
0 0.815119 0.548698 0.014650 0.024479
0 0.847202 0.545833 0.017287 0.028125
0 0.825520 0.576302 0.020217 0.031771
0 0.836947 0.623698 0.024319 0.039062
0 0.916935 0.541927 0.014357 0.015104
0 0.658219 0.558073 0.015529 0.021354
0 0.727073 0.579427 0.013771 0.017188
0 0.715500 0.640365 0.026956 0.034896
0 0.662907 0.579167 0.019631 0.018750
0 0.649282 0.604167 0.021682 0.031250
0 0.567243 0.559375 0.019924 0.026042
0 0.610607 0.601562 0.018166 0.016667
0 0.588778 0.610677 0.015529 0.020313
0 0.545708 0.664062 0.014357 0.012500
0 0.490038 0.608333 0.017287 0.014583
0 0.504248 0.640365 0.015822 0.018229
