1 0.020803 0.319792 0.012306 0.011458
1 0.022561 0.367969 0.019338 0.018229
1 0.047759 0.671875 0.019338 0.040625
1 0.105479 0.339583 0.011134 0.017708
1 0.092294 0.466406 0.009376 0.016146
1 0.111192 0.543490 0.017287 0.033854
1 0.132142 0.572135 0.013478 0.028646
1 0.135511 0.604167 0.015529 0.028125
1 0.118664 0.486458 0.014650 0.022917
1 0.108556 0.465104 0.011427 0.008333
1 0.145913 0.530469 0.014064 0.025521
1 0.140199 0.449479 0.013771 0.013542
1 0.162321 0.504687 0.012306 0.014583
1 0.166276 0.332813 0.013185 0.025000
1 0.165397 0.402344 0.014357 0.020313
1 0.163346 0.418229 0.012013 0.021875
1 0.191620 0.377865 0.013478 0.018229
1 0.181072 0.411458 0.012306 0.013542
1 0.182977 0.425260 0.009669 0.013021
1 0.218137 0.332292 0.010255 0.022917
1 0.228391 0.354167 0.012599 0.010417
1 0.223117 0.373177 0.012013 0.010937
1 0.233812 0.406771 0.008790 0.019792
1 0.215939 0.509635 0.011720 0.015104
1 0.202608 0.540365 0.014943 0.029687
1 0.251538 0.457292 0.013771 0.023958
1 0.272048 0.297656 0.007911 0.016146
1 0.379578 0.303385 0.010841 0.014063
1 0.312335 0.335677 0.009376 0.015104
1 0.284500 0.365885 0.007618 0.014063
1 0.291093 0.396094 0.010255 0.017188
1 0.291972 0.451302 0.018459 0.016146
1 0.286698 0.495312 0.011427 0.016667
0 0.325813 0.368750 0.009376 0.013542
0 0.384413 0.370312 0.013478 0.022917
0 0.444331 0.352083 0.010841 0.020833
0 0.319953 0.410417 0.011134 0.017708
1 0.361852 0.326302 0.008204 0.017188
1 0.281570 0.548177 0.012306 0.027604
1 0.301201 0.535937 0.012892 0.028125
1 0.286844 0.583854 0.012306 0.029167
1 0.355113 0.400260 0.009376 0.018229
1 0.405801 0.366406 0.008204 0.013021
0 0.399062 0.408073 0.010548 0.009896
1 0.425286 0.322656 0.010841 0.016146
1 0.475388 0.314323 0.007325 0.008854
1 0.548052 0.371875 0.009669 0.027083
1 0.477146 0.389844 0.017873 0.015104
1 0.428655 0.420052 0.008204 0.017188
1 0.417961 0.446615 0.008497 0.013021
1 0.381483 0.519010 0.012306 0.032813
1 0.380311 0.540625 0.008790 0.020833
1 0.358922 0.567187 0.005274 0.006250
1 0.412980 0.504948 0.010841 0.022396
1 0.533841 0.374479 0.008204 0.012500
1 0.485643 0.412500 0.013185 0.025000
1 0.484032 0.438021 0.009962 0.011458
1 0.430413 0.453125 0.005860 0.008333
0 0.449751 0.506510 0.004688 0.009896
0 0.434369 0.504687 0.006153 0.011458
1 0.428948 0.491927 0.006446 0.007812
1 0.470993 0.438802 0.008497 0.017188
1 0.458248 0.443229 0.010548 0.020833
0 0.436859 0.454167 0.007032 0.007292
0 0.444038 0.490365 0.005567 0.010937
1 0.439057 0.460677 0.006739 0.006771
1 0.449018 0.493490 0.007325 0.008854
1 0.559771 0.385937 0.005567 0.011458
1 0.533109 0.429688 0.010841 0.010417
1 0.509669 0.394531 0.009083 0.009896
1 0.547466 0.443490 0.009083 0.024479
1 0.582772 0.477344 0.013478 0.018229
1 0.625110 0.443490 0.008497 0.014063
1 0.658658 0.429427 0.009962 0.014063
1 0.683123 0.415104 0.008497 0.015625
1 0.694257 0.477604 0.011427 0.017708
1 0.288016 0.645312 0.008790 0.015625
1 0.323616 0.772656 0.016115 0.021354
1 0.377820 0.705990 0.019045 0.050521
0 0.365661 0.760677 0.003516 0.010937
0 0.386317 0.605469 0.007911 0.011979
0 0.418693 0.588802 0.006446 0.008854
0 0.405508 0.622656 0.005860 0.008854
1 0.396279 0.622135 0.008497 0.007812
1 0.433343 0.614062 0.012306 0.027083
0 0.452827 0.592969 0.004395 0.009896
0 0.450776 0.610417 0.003809 0.011458
0 0.470993 0.539323 0.003809 0.010937
0 0.481834 0.544792 0.003809 0.012500
1 0.451216 0.566406 0.008204 0.009896
1 0.443305 0.534375 0.005860 0.010417
1 0.454439 0.533073 0.012892 0.030729
1 0.483739 0.564323 0.013478 0.028646
1 0.465133 0.609896 0.021975 0.016667
0 0.462936 0.675260 0.007618 0.013021
1 0.470261 0.754167 0.002930 0.008333
1 0.499414 0.824740 0.002637 0.008854
1 0.504688 0.701042 0.002637 0.008333
1 0.507178 0.663802 0.004102 0.007812
1 0.532083 0.701562 0.002930 0.007292
1 0.508057 0.711979 0.002344 0.010417
1 0.353648 0.977083 0.022854 0.045833
1 0.341488 0.966927 0.004395 0.015104
1 0.397304 0.912760 0.027542 0.025521
1 0.449018 0.879427 0.021975 0.053646
1 0.422502 0.956250 0.002930 0.008333
1 0.424846 0.917969 0.004102 0.008854
1 0.501904 0.992448 0.004688 0.015104
1 0.453853 0.982552 0.003516 0.005729
1 0.496045 0.853646 0.002930 0.009375
1 0.556695 0.837760 0.017580 0.051562
1 0.570905 0.900521 0.003809 0.008333
1 0.563434 0.920052 0.003516 0.007812
1 0.643129 0.808073 0.019924 0.032813
1 0.576179 0.574740 0.003809 0.006771
0 0.567389 0.586458 0.005567 0.010417
0 0.585409 0.643490 0.004688 0.008854
1 0.603721 0.665365 0.015529 0.025521
1 0.587753 0.598437 0.004102 0.005208
1 0.604893 0.599740 0.004395 0.005729
1 0.630384 0.559115 0.003223 0.006771
0 0.609874 0.644531 0.007325 0.011979
1 0.632581 0.651302 0.005274 0.010937
1 0.671257 0.632812 0.012892 0.032292
1 0.681805 0.709635 0.021096 0.016146
1 0.696748 0.723958 0.004102 0.011458
1 0.757398 0.357031 0.011134 0.016146
1 0.733519 0.401302 0.009669 0.015104
1 0.724143 0.450781 0.009083 0.019271
1 0.776297 0.422917 0.013185 0.019792
1 0.787284 0.425000 0.012306 0.015625
1 0.831673 0.394271 0.010841 0.015625
1 0.767800 0.541927 0.004395 0.005729
1 0.791532 0.520833 0.003809 0.006250
1 0.809552 0.525521 0.005860 0.007292
1 0.772927 0.555469 0.004688 0.008854
1 0.727219 0.606250 0.005274 0.009375
1 0.715646 0.639062 0.003223 0.011458
1 0.742309 0.631250 0.005567 0.006250
1 0.735863 0.645312 0.004395 0.007292
0 0.736449 0.658073 0.006739 0.010937
0 0.743774 0.653385 0.007911 0.010937
1 0.752124 0.641146 0.005274 0.012500
1 0.753150 0.673438 0.005567 0.008333
1 0.771169 0.719792 0.013478 0.015625
1 0.761647 0.608854 0.012599 0.027083
1 0.765016 0.665885 0.007032 0.006771
1 0.773513 0.669531 0.006446 0.013021
1 0.794902 0.736198 0.003516 0.010937
1 0.789042 0.748958 0.002930 0.010417
1 0.799004 0.583594 0.004688 0.006771
1 0.796513 0.628385 0.004395 0.007812
1 0.801201 0.642188 0.004395 0.006250
1 0.794755 0.633333 0.005567 0.006250
1 0.810870 0.667708 0.002637 0.007292
1 0.840609 0.561198 0.015822 0.015104
1 0.885585 0.626042 0.020803 0.015625
0 0.989892 0.522396 0.020217 0.017708
1 0.904922 0.404167 0.013771 0.012500
1 0.907120 0.457292 0.014650 0.012500
1 0.932757 0.428385 0.009083 0.010937
1 0.968210 0.428906 0.011427 0.010937
1 0.976121 0.462500 0.013771 0.020833
