1 0.020510 0.320052 0.014650 0.015104
1 0.024172 0.367448 0.015529 0.018229
1 0.005713 0.644010 0.010841 0.034896
0 0.120422 0.485938 0.014650 0.021875
1 0.050396 0.670312 0.019338 0.043750
1 0.106505 0.343490 0.012599 0.019271
1 0.092441 0.468229 0.009083 0.015625
1 0.105333 0.466667 0.010841 0.009375
1 0.114562 0.543750 0.017580 0.032292
1 0.135218 0.574219 0.013185 0.030729
1 0.136537 0.602865 0.015822 0.032813
1 0.167301 0.331771 0.014650 0.020833
1 0.140199 0.448958 0.014357 0.015625
1 0.167594 0.403646 0.014650 0.018750
1 0.165104 0.416927 0.013771 0.026562
1 0.148550 0.529948 0.018166 0.026562
1 0.163346 0.506771 0.013771 0.014583
1 0.181219 0.410417 0.013771 0.015625
1 0.182977 0.429688 0.010255 0.014583
1 0.192060 0.377865 0.012599 0.018229
1 0.219309 0.334896 0.011427 0.020833
1 0.223850 0.372656 0.011134 0.011979
1 0.228245 0.352344 0.014064 0.013021
1 0.217111 0.511458 0.013478 0.013542
1 0.205538 0.535937 0.015529 0.035417
1 0.233958 0.409375 0.009669 0.017708
1 0.272634 0.297656 0.006739 0.015104
0 0.325520 0.368750 0.011134 0.012500
0 0.319807 0.411458 0.010255 0.016667
0 0.386024 0.370312 0.013771 0.020833
0 0.444623 0.352865 0.011427 0.021354
0 0.400234 0.409375 0.008790 0.012500
1 0.253736 0.454427 0.012306 0.024479
1 0.284354 0.367188 0.007325 0.011458
1 0.287430 0.454948 0.009376 0.014063
1 0.291825 0.397917 0.010548 0.015625
1 0.312482 0.338542 0.009083 0.013542
1 0.288016 0.496354 0.012892 0.015625
1 0.296220 0.447917 0.009962 0.014583
1 0.361998 0.327865 0.009669 0.019271
1 0.381190 0.303385 0.008204 0.014063
1 0.426018 0.323698 0.012306 0.017188
1 0.354966 0.401302 0.008497 0.017188
1 0.283914 0.550000 0.013478 0.027083
1 0.303106 0.539323 0.013771 0.027604
1 0.288309 0.586979 0.012306 0.028125
1 0.405801 0.367188 0.008790 0.013542
1 0.382215 0.519531 0.013771 0.034896
1 0.381483 0.542448 0.009962 0.021354
1 0.357896 0.567969 0.006153 0.005729
1 0.477146 0.390365 0.016701 0.014063
1 0.429388 0.420833 0.007911 0.015625
1 0.417521 0.447656 0.007618 0.011979
1 0.413419 0.505990 0.011134 0.021354
1 0.399795 0.539583 0.005567 0.009375
0 0.386757 0.606771 0.006446 0.010417
1 0.535160 0.375000 0.007911 0.013542
1 0.458541 0.442708 0.009962 0.020833
1 0.429241 0.453125 0.005860 0.007292
1 0.428069 0.491927 0.005274 0.006771
1 0.408145 0.570052 0.017580 0.033854
1 0.487255 0.411198 0.012892 0.026562
1 0.469675 0.437240 0.011720 0.017188
1 0.484325 0.436198 0.008790 0.011979
1 0.393495 0.594792 0.010548 0.019792
0 0.433929 0.504687 0.006446 0.010417
0 0.448725 0.507552 0.004981 0.010937
1 0.457222 0.532031 0.015529 0.030729
0 0.469821 0.539323 0.003809 0.009896
0 0.481102 0.545312 0.003516 0.012500
0 0.452388 0.592708 0.003516 0.010417
0 0.449897 0.609375 0.003223 0.009375
1 0.417961 0.589323 0.006153 0.008854
1 0.438031 0.460417 0.007032 0.007292
1 0.435394 0.453125 0.007032 0.007292
1 0.448139 0.458333 0.013185 0.040625
1 0.464254 0.611979 0.021975 0.016667
1 0.450190 0.566146 0.008497 0.009375
1 0.447993 0.494010 0.007032 0.008854
1 0.442573 0.535156 0.006153 0.008854
1 0.481102 0.532031 0.006446 0.010937
1 0.485497 0.532031 0.004102 0.010937
1 0.459566 0.559635 0.006153 0.008854
1 0.433636 0.592708 0.018166 0.017708
0 0.404922 0.622656 0.005274 0.010937
1 0.487108 0.567448 0.014357 0.028646
1 0.550542 0.372135 0.008790 0.024479
1 0.509376 0.396094 0.008497 0.009896
1 0.532083 0.432031 0.009962 0.010937
1 0.548638 0.447135 0.011427 0.024479
1 0.583651 0.479167 0.012306 0.018750
1 0.625110 0.444531 0.009669 0.017188
1 0.658805 0.429948 0.010841 0.013021
1 0.603282 0.520833 0.007032 0.020833
1 0.574568 0.575000 0.004102 0.006250
0 0.566510 0.586198 0.005567 0.009896
1 0.607384 0.575260 0.004102 0.008854
1 0.603135 0.600521 0.003223 0.007292
0 0.584383 0.643490 0.004395 0.013021
0 0.586874 0.598437 0.004688 0.007292
1 0.623059 0.603385 0.017873 0.016146
1 0.683563 0.414844 0.009376 0.015104
1 0.695283 0.477344 0.011720 0.017188
1 0.732786 0.403906 0.009376 0.016146
1 0.758131 0.358594 0.011427 0.014063
1 0.641811 0.599740 0.006153 0.010937
1 0.646059 0.594531 0.005860 0.007812
1 0.631263 0.615104 0.005567 0.009375
1 0.608409 0.644010 0.007325 0.015104
1 0.631995 0.650781 0.005274 0.011979
1 0.725461 0.452344 0.009376 0.021354
1 0.777322 0.423438 0.014064 0.019792
1 0.787430 0.425521 0.013771 0.015625
1 0.672282 0.634115 0.012013 0.031771
1 0.681658 0.711458 0.021389 0.017708
1 0.695722 0.723958 0.004395 0.013542
1 0.726340 0.605729 0.005274 0.009375
1 0.740844 0.630208 0.006739 0.007292
1 0.713888 0.639323 0.003809 0.013021
0 0.734984 0.655990 0.004981 0.009896
1 0.750806 0.640885 0.006739 0.010937
1 0.742748 0.651563 0.007032 0.009375
1 0.749194 0.660937 0.007032 0.008333
0 0.752417 0.673177 0.004688 0.007812
1 0.772927 0.719271 0.012892 0.016667
1 0.757691 0.540885 0.001758 0.006771
1 0.766481 0.541927 0.005274 0.007812
1 0.771462 0.554688 0.004688 0.008333
1 0.763698 0.607812 0.012013 0.025000
1 0.795195 0.628385 0.004688 0.009896
1 0.807940 0.524740 0.005567 0.007812
1 0.797539 0.582812 0.005274 0.006250
1 0.839144 0.562240 0.016408 0.015104
1 0.830208 0.569792 0.004395 0.006250
1 0.799883 0.640885 0.005274 0.005729
1 0.832699 0.394792 0.011720 0.015625
1 0.905069 0.404948 0.013478 0.013021
1 0.907559 0.457031 0.013771 0.011979
0 0.990038 0.522135 0.018166 0.017188
1 0.968649 0.429167 0.011720 0.013542
0 0.932025 0.427865 0.011134 0.010937
0 0.977146 0.462500 0.015236 0.023958
