0 0.935541 0.916406 0.008204 0.020313
0 0.923674 0.929167 0.010255 0.021875
0 0.882362 0.923177 0.010841 0.024479
1 0.985204 0.886198 0.003809 0.013021
1 0.985204 0.940885 0.005567 0.013021
1 0.964694 0.957031 0.008497 0.017188
1 0.938617 0.964844 0.006153 0.013021
1 0.855113 0.884115 0.006739 0.018229
0 0.782596 0.892188 0.005860 0.017708
0 0.815705 0.842448 0.011134 0.020313
0 0.818781 0.866927 0.009083 0.016146
0 0.834017 0.909115 0.012599 0.014063
0 0.866393 0.917969 0.012892 0.009896
0 0.845590 0.920573 0.009376 0.011979
1 0.891151 0.901302 0.006153 0.014063
1 0.886610 0.940625 0.012306 0.014583
1 0.876062 0.904948 0.005860 0.017188
1 0.901260 0.930729 0.006446 0.014583
1 0.766921 0.843229 0.007911 0.027083
1 0.840316 0.927083 0.008790 0.012500
1 0.901992 0.942448 0.007911 0.017188
0 0.892177 0.949740 0.005860 0.017188
0 0.841049 0.876563 0.011427 0.013542
1 0.841195 0.559635 0.018166 0.016146
1 0.760035 0.609635 0.012892 0.025521
1 0.886171 0.625521 0.022561 0.015625
1 0.769997 0.720573 0.013478 0.016146
1 0.640932 0.805729 0.015529 0.032292
1 0.680193 0.709115 0.021389 0.018229
1 0.800322 0.583333 0.006153 0.009375
1 0.669645 0.627604 0.012013 0.029167
1 0.602989 0.665104 0.014650 0.023958
0 0.736742 0.658594 0.007911 0.013021
1 0.797246 0.628906 0.005274 0.009896
0 0.989306 0.521875 0.021389 0.019792
0 0.974949 0.461458 0.015529 0.023958
0 0.904483 0.403906 0.014064 0.013021
1 0.907266 0.456771 0.015529 0.013542
1 0.966745 0.427865 0.009669 0.013021
0 0.930853 0.428906 0.010548 0.011979
1 0.829769 0.393750 0.009962 0.016667
1 0.756373 0.356250 0.011427 0.016667
1 0.774685 0.422135 0.012892 0.020313
1 0.786698 0.424479 0.012306 0.017708
1 0.732786 0.400000 0.008790 0.014583
1 0.722238 0.450000 0.009962 0.019792
1 0.681658 0.412760 0.007325 0.014063
1 0.691913 0.477344 0.011427 0.015104
1 0.658512 0.428646 0.009669 0.014583
1 0.624670 0.443750 0.009376 0.016667
1 0.581160 0.477083 0.013185 0.016667
1 0.600645 0.522135 0.007618 0.018229
0 0.383680 0.368229 0.013771 0.020833
0 0.325667 0.368490 0.009669 0.015104
0 0.443012 0.351302 0.009962 0.020313
1 0.546294 0.373698 0.009669 0.025521
1 0.545122 0.439063 0.010841 0.020833
1 0.269851 0.298698 0.009376 0.016146
1 0.283182 0.364063 0.007911 0.013542
1 0.311749 0.334896 0.007618 0.015625
1 0.361412 0.326823 0.007325 0.017188
1 0.378846 0.304167 0.011134 0.010417
1 0.423967 0.325521 0.012306 0.019792
1 0.290360 0.394792 0.010548 0.017708
1 0.509815 0.393750 0.008204 0.012500
1 0.477439 0.389583 0.017873 0.010417
1 0.320832 0.407813 0.011134 0.015625
1 0.353648 0.399740 0.012306 0.017188
1 0.400234 0.408073 0.009962 0.011979
1 0.287577 0.448958 0.009669 0.013542
1 0.287284 0.492188 0.013185 0.018750
1 0.483739 0.414844 0.012892 0.023438
1 0.428509 0.419792 0.009669 0.016667
1 0.417961 0.445573 0.007325 0.017188
1 0.298418 0.532031 0.012599 0.027604
1 0.279373 0.545052 0.012013 0.028646
1 0.405508 0.365885 0.007032 0.014063
1 0.022268 0.367969 0.018166 0.019271
1 0.104307 0.338281 0.010548 0.014063
1 0.091562 0.463542 0.009083 0.017708
1 0.116613 0.485677 0.012306 0.023438
1 0.165983 0.335417 0.013771 0.021875
1 0.217258 0.329688 0.009669 0.021875
1 0.190741 0.378646 0.014650 0.018750
1 0.227952 0.354948 0.011134 0.009896
1 0.232786 0.402344 0.008497 0.017188
1 0.221946 0.373958 0.012013 0.009375
1 0.163346 0.407552 0.014357 0.036979
1 0.180779 0.413021 0.011134 0.011458
1 0.181512 0.423177 0.010255 0.015104
1 0.138881 0.450260 0.011134 0.018229
1 0.044682 0.673177 0.018459 0.038021
0 0.143569 0.529427 0.014650 0.026562
1 0.107823 0.541667 0.016408 0.032292
1 0.127747 0.572917 0.012892 0.031250
1 0.132142 0.602604 0.013478 0.029167
1 0.160123 0.502865 0.013771 0.016146
1 0.248901 0.459896 0.011427 0.022917
1 0.215060 0.508333 0.011720 0.015625
1 0.199824 0.540885 0.014650 0.028646
1 0.285526 0.642448 0.010841 0.016146
1 0.285672 0.580208 0.011134 0.027083
1 0.378553 0.519792 0.012892 0.031250
1 0.411222 0.503125 0.010841 0.023958
1 0.442573 0.467708 0.015529 0.031250
0 0.429681 0.491406 0.008497 0.013021
0 0.449897 0.506771 0.003809 0.010417
1 0.385878 0.414062 0.008790 0.007292
1 0.378846 0.538281 0.008790 0.020313
1 0.458394 0.441406 0.010255 0.016146
0 0.435394 0.503906 0.007032 0.010937
0 0.445209 0.489844 0.005567 0.008854
0 0.450923 0.610156 0.003516 0.010937
0 0.453706 0.592187 0.003809 0.010417
0 0.405801 0.622135 0.006446 0.009896
0 0.415617 0.578385 0.007325 0.014063
0 0.419865 0.588542 0.005860 0.008333
0 0.387636 0.606771 0.007618 0.009375
0 0.471286 0.539844 0.003809 0.010937
1 0.482420 0.544271 0.004395 0.009375
1 0.460592 0.559115 0.006446 0.010937
1 0.452095 0.565885 0.008204 0.008854
1 0.451069 0.533854 0.014357 0.031250
1 0.397451 0.621615 0.007911 0.009896
1 0.463229 0.675000 0.007032 0.011458
1 0.373132 0.704948 0.019045 0.048438
1 0.321125 0.772135 0.016994 0.022396
1 0.197334 0.872656 0.003809 0.008854
1 0.231175 0.885677 0.005860 0.011979
1 0.238793 0.946615 0.005274 0.018229
1 0.303838 0.900521 0.002344 0.011458
1 0.303985 0.920312 0.003809 0.008333
1 0.394374 0.910937 0.026370 0.022917
1 0.443012 0.880990 0.024026 0.055729
1 0.425286 0.919010 0.003809 0.011979
1 0.422795 0.956771 0.003516 0.008333
1 0.553472 0.838542 0.018752 0.052083
1 0.470847 0.754687 0.002930 0.007292
1 0.496631 0.853125 0.002930 0.009375
1 0.498242 0.792969 0.006739 0.008854
0 0.568122 0.586979 0.005274 0.009375
0 0.585995 0.643229 0.004102 0.009375
0 0.576472 0.574740 0.003809 0.006771
0 0.588485 0.599219 0.003809 0.006771
0 0.633753 0.652865 0.005860 0.011979
0 0.610314 0.644271 0.007032 0.012500
1 0.760621 0.542969 0.001758 0.007812
1 0.768825 0.542708 0.004688 0.007292
1 0.773953 0.556771 0.003809 0.008333
1 0.810870 0.526042 0.005567 0.006250
1 0.792704 0.521354 0.004395 0.006250
1 0.795927 0.737760 0.002637 0.009896
1 0.790067 0.751042 0.003223 0.011458
1 0.795048 0.698438 0.002637 0.012500
1 0.801934 0.642969 0.004688 0.007812
1 0.659684 0.559115 0.004981 0.008854
1 0.508057 0.663542 0.003516 0.010417
0 0.572956 0.610156 0.003809 0.006771
1 0.532816 0.702344 0.003223 0.005729
1 0.505860 0.701302 0.002051 0.007812
1 0.508497 0.711719 0.002051 0.009896
1 0.500000 0.824479 0.002637 0.007292
1 0.571638 0.901042 0.003516 0.007292
1 0.564020 0.920573 0.003516 0.007812
1 0.697627 0.724740 0.003516 0.011979
1 0.735863 0.820312 0.002637 0.011458
1 0.716232 0.639062 0.003223 0.011458
1 0.752710 0.641667 0.006446 0.010417
1 0.742895 0.632292 0.006153 0.007292
1 0.728098 0.606510 0.004688 0.007812
1 0.730296 0.614583 0.004981 0.007292
1 0.750952 0.662760 0.007032 0.007812
1 0.744360 0.652865 0.007911 0.008854
1 0.754322 0.675000 0.006153 0.009375
1 0.826106 0.801562 0.003223 0.011458
1 0.821418 0.818229 0.002637 0.012500
