0 0.027604 0.086111 0.021875 0.074074
0 0.047396 0.122222 0.020833 0.061111
0 0.081771 0.086574 0.023958 0.047222
0 0.110156 0.130556 0.022396 0.064815
0 0.070833 0.154167 0.035417 0.047222
0 0.041927 0.203241 0.031771 0.045370
0 0.083333 0.203704 0.031250 0.044444
0 0.100781 0.166667 0.024479 0.064815
0 0.128125 0.164352 0.023958 0.069444
0 0.120052 0.216667 0.021354 0.068519
0 0.036198 0.286574 0.026562 0.058333
0 0.009896 0.266204 0.018750 0.067593
0 0.061719 0.254630 0.023438 0.038889
0 0.076042 0.240741 0.027083 0.042593
0 0.094792 0.253241 0.027083 0.060185
0 0.074740 0.284259 0.038021 0.048148
0 0.073958 0.331944 0.030208 0.037963
0 0.027604 0.331944 0.022917 0.050926
0 0.041146 0.381019 0.019792 0.056481
0 0.073438 0.327315 0.023958 0.047222
0 0.129427 0.300463 0.022396 0.067593
0 0.092969 0.363426 0.022396 0.058333
0 0.070833 0.372685 0.026042 0.062037
0 0.070312 0.425463 0.022917 0.049074
0 0.034896 0.424074 0.029167 0.050000
0 0.011458 0.446296 0.021875 0.053704
0 0.023698 0.476389 0.019271 0.060185
0 0.040885 0.480093 0.018229 0.058333
0 0.033073 0.519444 0.038021 0.031481
0 0.018750 0.561111 0.035417 0.042593
0 0.152344 0.268981 0.022396 0.052778
0 0.180729 0.243519 0.023958 0.053704
0 0.182812 0.286574 0.025000 0.052778
0 0.153906 0.340278 0.019271 0.065741
0 0.125521 0.412963 0.020833 0.051852
0 0.086719 0.483333 0.023438 0.053704
0 0.074740 0.563889 0.020313 0.048148
0 0.045833 0.590278 0.029167 0.041667
0 0.027344 0.619444 0.021354 0.050000
0 0.182292 0.376852 0.018750 0.061111
0 0.208854 0.338889 0.032292 0.064815
0 0.208073 0.378241 0.022396 0.071296
0 0.193490 0.409722 0.020313 0.062037
0 0.307812 0.103241 0.026042 0.037963
0 0.282813 0.133333 0.023958 0.053704
0 0.310417 0.146759 0.019792 0.054630
0 0.274479 0.192593 0.016667 0.062963
0 0.294531 0.175463 0.025521 0.054630
0 0.294271 0.215741 0.019792 0.062963
0 0.317448 0.233333 0.033854 0.050000
0 0.306250 0.281019 0.027083 0.054630
0 0.239583 0.321759 0.020833 0.043519
0 0.259896 0.362500 0.017708 0.071296
0 0.231250 0.368056 0.023958 0.056481
0 0.301042 0.334722 0.025000 0.062037
0 0.284115 0.384722 0.024479 0.052778
0 0.225521 0.417593 0.018750 0.072222
0 0.165885 0.429167 0.029687 0.047222
0 0.143750 0.449074 0.021875 0.059259
0 0.168229 0.470833 0.028125 0.045370
0 0.148958 0.504630 0.021875 0.053704
0 0.124479 0.550463 0.018750 0.062037
0 0.098177 0.533333 0.032813 0.055556
0 0.146875 0.568056 0.034375 0.047222
0 0.129688 0.602778 0.036458 0.038889
0 0.067708 0.601852 0.028125 0.038889
0 0.086458 0.614815 0.018750 0.055556
0 0.114323 0.636111 0.024479 0.051852
0 0.170313 0.537500 0.026042 0.067593
0 0.189844 0.498611 0.034896 0.047222
0 0.200000 0.461574 0.031250 0.062037
0 0.480469 0.180093 0.040104 0.063889
0 0.364583 0.344907 0.023958 0.069444
0 0.334896 0.356481 0.027083 0.046296
0 0.355729 0.409259 0.021875 0.068519
0 0.278906 0.433796 0.022396 0.049074
0 0.257031 0.476852 0.020313 0.064815
0 0.231250 0.530556 0.025000 0.072222
0 0.201563 0.542593 0.031250 0.053704
0 0.178125 0.583796 0.022917 0.062037
0 0.198698 0.588426 0.021354 0.063889
0 0.219010 0.559259 0.023438 0.057407
0 0.226302 0.600000 0.024479 0.053704
0 0.285417 0.481944 0.022917 0.056481
0 0.287240 0.528704 0.022396 0.055556
0 0.249740 0.610185 0.019271 0.053704
0 0.272135 0.617593 0.026562 0.042593
0 0.304427 0.447222 0.022396 0.064815
0 0.329427 0.457870 0.038021 0.052778
0 0.319010 0.502778 0.024479 0.066667
0 0.309896 0.562037 0.036458 0.061111
0 0.310417 0.598611 0.010417 0.041667
0 0.333333 0.586111 0.033333 0.031481
0 0.350260 0.532407 0.022396 0.064815
0 0.360156 0.495833 0.034896 0.030556
0 0.379948 0.427778 0.017188 0.053704
0 0.388281 0.368981 0.026562 0.050926
0 0.410417 0.404630 0.023958 0.064815
0 0.466406 0.399537 0.020313 0.056481
0 0.389062 0.476389 0.027083 0.063889
0 0.375000 0.556019 0.021875 0.049074
0 0.384115 0.584722 0.023438 0.047222
0 0.399219 0.525463 0.024479 0.056481
0 0.419792 0.505093 0.017708 0.049074
0 0.425521 0.456481 0.019792 0.059259
0 0.451823 0.460185 0.029687 0.046296
0 0.445052 0.503241 0.038021 0.047222
0 0.344271 0.644907 0.029167 0.043519
0 0.508073 0.413889 0.019271 0.055556
0 0.532813 0.399537 0.025000 0.047222
0 0.559375 0.396296 0.034375 0.044444
0 0.536719 0.435185 0.022396 0.042593
0 0.560417 0.430093 0.022917 0.058333
0 0.545833 0.473611 0.033333 0.039815
0 0.580208 0.456944 0.019792 0.052778
0 0.485938 0.477778 0.027083 0.068519
0 0.524479 0.512037 0.029167 0.046296
0 0.455469 0.544444 0.028646 0.040741
0 0.429688 0.547685 0.028125 0.058333
0 0.558333 0.540278 0.025000 0.073148
0 0.540104 0.568056 0.022917 0.047222
0 0.485938 0.580093 0.017708 0.058333
0 0.500781 0.539352 0.019271 0.060185
0 0.508594 0.608333 0.023438 0.044444
0 0.538281 0.605093 0.019271 0.047222
0 0.011979 0.658796 0.022917 0.032407
0 0.042188 0.675926 0.021875 0.044444
0 0.030469 0.724537 0.017188 0.050926
0 0.012500 0.780093 0.023958 0.043519
0 0.028646 0.831944 0.029167 0.037963
0 0.051042 0.746759 0.020833 0.049074
0 0.048177 0.795370 0.025521 0.061111
0 0.073958 0.758796 0.016667 0.050926
0 0.080469 0.673148 0.021354 0.057407
0 0.100521 0.687500 0.021875 0.058333
0 0.095833 0.731481 0.023958 0.055556
0 0.093750 0.789352 0.027083 0.037963
0 0.072396 0.800463 0.032292 0.050926
0 0.081250 0.832407 0.030208 0.046296
0 0.115104 0.931481 0.023958 0.066667
0 0.111198 0.831481 0.032813 0.057407
0 0.163802 0.901389 0.018229 0.054630
0 0.177344 0.932407 0.021354 0.061111
0 0.120833 0.764815 0.018750 0.061111
0 0.120573 0.698611 0.023438 0.069444
0 0.155729 0.659722 0.030208 0.047222
0 0.208594 0.643981 0.024479 0.062037
0 0.161979 0.607407 0.020833 0.059259
0 0.182031 0.635185 0.031771 0.055556
0 0.165365 0.709722 0.017188 0.054630
0 0.145052 0.689352 0.016146 0.049074
0 0.140625 0.739352 0.023958 0.049074
0 0.133333 0.800926 0.025000 0.048148
0 0.158333 0.781019 0.034375 0.045370
0 0.153646 0.826389 0.027083 0.058333
0 0.208333 0.702315 0.035417 0.043519
0 0.189323 0.733796 0.040104 0.041667
0 0.185156 0.763426 0.034896 0.034259
0 0.192448 0.805556 0.019271 0.053704
0 0.209115 0.839352 0.032813 0.041667
0 0.210938 0.799537 0.022917 0.054630
0 0.228906 0.874074 0.022396 0.046296
0 0.240885 0.745370 0.022396 0.053704
0 0.231510 0.686574 0.023438 0.065741
0 0.280208 0.663889 0.033333 0.059259
0 0.258594 0.722685 0.019271 0.056481
0 0.271875 0.748148 0.033333 0.050000
0 0.256250 0.803241 0.036458 0.052778
0 0.273958 0.832407 0.016667 0.055556
0 0.289583 0.790741 0.029167 0.046296
0 0.298958 0.762037 0.016667 0.055556
0 0.311458 0.716667 0.023958 0.059259
0 0.315625 0.665278 0.029167 0.043519
0 0.337240 0.729630 0.023438 0.057407
0 0.367188 0.728704 0.020833 0.064815
0 0.417708 0.630556 0.018750 0.053704
0 0.447135 0.625463 0.024479 0.047222
0 0.459375 0.669444 0.018750 0.064815
0 0.469792 0.612037 0.017708 0.051852
0 0.417448 0.675000 0.034896 0.040741
0 0.465625 0.731019 0.027083 0.049074
0 0.509896 0.788889 0.022917 0.057407
0 0.512240 0.728241 0.022396 0.054630
0 0.518229 0.683796 0.023958 0.065741
0 0.548438 0.696759 0.015625 0.060185
0 0.537240 0.727778 0.021354 0.048148
0 0.569531 0.658333 0.018229 0.074074
0 0.584896 0.600000 0.030208 0.048148
0 0.588021 0.541204 0.018750 0.073148
0 0.592708 0.681481 0.022917 0.068519
0 0.571875 0.735648 0.021875 0.063889
0 0.618229 0.394907 0.017708 0.054630
0 0.638542 0.408333 0.016667 0.062963
0 0.628646 0.472222 0.021875 0.068519
0 0.608073 0.518519 0.019271 0.064815
0 0.628646 0.523611 0.017708 0.052778
0 0.609375 0.573611 0.029167 0.045370
0 0.628646 0.617130 0.023958 0.056481
0 0.657292 0.374537 0.015625 0.071296
0 0.666406 0.414352 0.017188 0.047222
0 0.690625 0.380556 0.019792 0.061111
0 0.658073 0.498611 0.016146 0.063889
0 0.684115 0.522685 0.025521 0.060185
0 0.658854 0.448611 0.022917 0.056481
0 0.664844 0.579167 0.022396 0.037963
0 0.659896 0.625463 0.019792 0.052778
0 0.641146 0.687963 0.025000 0.042593
0 0.666146 0.679630 0.025000 0.050000
0 0.655990 0.718056 0.021354 0.047222
0 0.690104 0.597685 0.012500 0.060185
0 0.685677 0.650000 0.022396 0.055556
0 0.709375 0.556481 0.027083 0.033333
0 0.699740 0.479167 0.033854 0.049074
0 0.719531 0.396759 0.024479 0.058333
0 0.692187 0.425926 0.021875 0.062963
0 0.729948 0.446296 0.019271 0.057407
0 0.726302 0.493056 0.018229 0.047222
0 0.758333 0.463426 0.017708 0.052778
0 0.786458 0.410185 0.019792 0.053704
0 0.825260 0.395833 0.017188 0.045370
0 0.808333 0.426852 0.016667 0.048148
0 0.816927 0.483796 0.027604 0.047222
0 0.797656 0.532870 0.021354 0.054630
0 0.850000 0.429630 0.017708 0.055556
0 0.876563 0.393056 0.028125 0.037963
0 0.848437 0.476389 0.020833 0.056481
0 0.875000 0.434722 0.018750 0.050926
0 0.873437 0.484259 0.029167 0.044444
0 0.906250 0.405093 0.014583 0.043519
0 0.907292 0.448611 0.026042 0.050926
0 0.938542 0.420833 0.019792 0.060185
0 0.960156 0.455556 0.028646 0.033333
0 0.946354 0.481481 0.026042 0.055556
0 0.924740 0.492593 0.020313 0.061111
0 0.906510 0.568981 0.030729 0.049074
0 0.895833 0.616667 0.022917 0.051852
0 0.934896 0.636574 0.022917 0.063889
0 0.987500 0.495833 0.021875 0.050926
0 0.954688 0.528241 0.023958 0.043519
0 0.961198 0.660648 0.022396 0.058333
0 0.934896 0.709722 0.026042 0.047222
0 0.966146 0.719907 0.020833 0.054630
