0 0.043750 0.124537 0.023958 0.036111
0 0.072135 0.121296 0.020313 0.037037
0 0.005469 0.187963 0.009896 0.042593
0 0.015104 0.211111 0.013542 0.033333
0 0.005990 0.300926 0.010937 0.033333
0 0.009635 0.380093 0.015104 0.036111
0 0.021875 0.322685 0.016667 0.030556
0 0.029948 0.379630 0.019271 0.040741
0 0.045052 0.350463 0.010937 0.039815
0 0.038021 0.298611 0.019792 0.039815
0 0.032292 0.239815 0.017708 0.037037
0 0.034375 0.206944 0.013542 0.030556
0 0.051042 0.197222 0.022917 0.022222
0 0.058854 0.162037 0.018750 0.050000
0 0.083594 0.153704 0.023438 0.042593
0 0.087240 0.202778 0.016146 0.038889
0 0.064844 0.229167 0.013021 0.045370
0 0.089844 0.242593 0.023438 0.027778
0 0.106771 0.220370 0.025000 0.031481
0 0.060417 0.282407 0.019792 0.025926
0 0.055208 0.317130 0.018750 0.036111
0 0.061719 0.378704 0.011979 0.038889
0 0.069792 0.356944 0.015625 0.026852
0 0.084375 0.330093 0.014583 0.037963
0 0.086458 0.375000 0.021875 0.029630
0 0.095833 0.410648 0.011458 0.037963
0 0.159896 0.041204 0.016667 0.019444
0 0.129948 0.128704 0.010937 0.046296
0 0.132031 0.179167 0.013021 0.045370
0 0.147135 0.205556 0.014063 0.040741
0 0.148698 0.099537 0.010937 0.041667
0 0.169792 0.117130 0.012500 0.045370
0 0.180729 0.048611 0.012500 0.037963
0 0.196875 0.045833 0.022917 0.025000
0 0.200000 0.080093 0.019792 0.026852
0 0.189062 0.112500 0.020833 0.023148
0 0.181510 0.141667 0.019271 0.029630
0 0.167187 0.231019 0.019792 0.026852
0 0.113542 0.274537 0.015625 0.041667
0 0.141406 0.271296 0.026562 0.029630
0 0.117188 0.320370 0.013542 0.040741
0 0.120313 0.342593 0.013542 0.042593
0 0.110156 0.410648 0.017188 0.034259
0 0.132552 0.374074 0.014063 0.040741
0 0.141406 0.339352 0.020313 0.041667
0 0.142448 0.408796 0.014063 0.050926
0 0.165885 0.403704 0.016146 0.048148
0 0.167969 0.371296 0.021354 0.027778
0 0.171354 0.337500 0.020833 0.036111
0 0.159635 0.313426 0.017188 0.026852
0 0.183854 0.312500 0.018750 0.037963
0 0.175260 0.271296 0.021354 0.027778
0 0.189062 0.244907 0.015625 0.045370
0 0.172656 0.178704 0.016146 0.033333
0 0.151302 0.150000 0.020313 0.040741
0 0.195312 0.217130 0.016667 0.037963
0 0.210156 0.243519 0.016146 0.042593
0 0.209896 0.119907 0.020833 0.032407
0 0.227344 0.079167 0.022396 0.023148
0 0.241667 0.049074 0.011458 0.035185
0 0.264583 0.068519 0.021875 0.037037
0 0.295052 0.073611 0.018229 0.043519
0 0.316406 0.062963 0.020313 0.040741
0 0.336979 0.046296 0.014583 0.033333
0 0.283073 0.098148 0.017188 0.024074
0 0.287240 0.131019 0.009896 0.030556
0 0.310937 0.099074 0.016667 0.038889
0 0.332552 0.100926 0.013021 0.037037
0 0.331250 0.121759 0.015625 0.036111
0 0.322656 0.148148 0.015104 0.035185
0 0.351562 0.193981 0.018750 0.025000
0 0.332292 0.216204 0.015625 0.034259
0 0.339583 0.249537 0.017708 0.039815
0 0.325000 0.262963 0.012500 0.046296
0 0.202344 0.286111 0.014063 0.042593
0 0.185417 0.361574 0.016667 0.032407
0 0.338281 0.279630 0.014063 0.037037
0 0.355729 0.294907 0.017708 0.026852
0 0.350000 0.333796 0.020833 0.036111
0 0.251042 0.305556 0.016667 0.037037
0 0.231510 0.325000 0.011979 0.038889
0 0.213802 0.349537 0.017188 0.041667
0 0.184896 0.398148 0.014583 0.040741
0 0.235937 0.375926 0.014583 0.037037
0 0.255729 0.341204 0.014583 0.041667
0 0.299219 0.365278 0.017188 0.030556
0 0.274219 0.379167 0.018229 0.037963
0 0.256250 0.403241 0.013542 0.043519
0 0.168490 0.449537 0.014063 0.032407
0 0.210938 0.431944 0.014583 0.037963
0 0.263542 0.430556 0.014583 0.044444
0 0.274479 0.413426 0.016667 0.050926
0 0.292448 0.403241 0.018229 0.034259
0 0.315365 0.394444 0.014063 0.038889
0 0.346094 0.371759 0.013021 0.032407
0 0.373177 0.392130 0.018229 0.030556
0 0.396615 0.377778 0.016146 0.040741
0 0.335156 0.416667 0.016146 0.038889
0 0.102083 0.453241 0.023958 0.025000
0 0.083073 0.475000 0.020313 0.024074
0 0.098437 0.480556 0.017708 0.037037
0 0.117708 0.464352 0.014583 0.036111
0 0.227083 0.464352 0.012500 0.043519
0 0.244010 0.450463 0.019271 0.030556
0 0.269531 0.466204 0.017188 0.045370
0 0.288802 0.435648 0.013021 0.043519
0 0.330729 0.453704 0.016667 0.044444
0 0.351562 0.462963 0.015625 0.046296
0 0.370052 0.474074 0.023438 0.035185
0 0.389062 0.432407 0.015625 0.038889
0 0.395313 0.501389 0.021875 0.023148
0 0.085156 0.506481 0.013021 0.040741
0 0.028906 0.547222 0.015104 0.038889
0 0.051042 0.538426 0.017708 0.036111
0 0.075521 0.547222 0.013542 0.042593
0 0.023438 0.600463 0.013542 0.041667
0 0.047917 0.611111 0.016667 0.042593
0 0.012240 0.673148 0.015104 0.035185
0 0.035156 0.691204 0.015104 0.028704
0 0.071094 0.593981 0.018229 0.034259
0 0.102344 0.577778 0.020313 0.031481
0 0.087760 0.630556 0.017188 0.038889
0 0.090365 0.662500 0.021354 0.028704
0 0.083854 0.697222 0.012500 0.037037
0 0.060156 0.713426 0.015104 0.034259
0 0.080469 0.729630 0.015104 0.038889
0 0.097917 0.716667 0.022917 0.024074
0 0.104688 0.741204 0.013542 0.037963
0 0.116146 0.721759 0.022917 0.026852
0 0.115365 0.627315 0.023438 0.021296
0 0.123438 0.552778 0.025000 0.031481
0 0.112500 0.512037 0.017708 0.040741
0 0.129167 0.485185 0.015625 0.035185
0 0.142969 0.490741 0.016146 0.040741
0 0.132812 0.516667 0.026042 0.029630
0 0.142187 0.571296 0.017708 0.027778
0 0.128385 0.595833 0.013021 0.041667
0 0.140885 0.644907 0.016146 0.032407
0 0.130990 0.682870 0.015104 0.039815
0 0.148177 0.701389 0.011979 0.039815
0 0.144531 0.733333 0.015104 0.035185
0 0.133073 0.770833 0.026562 0.028704
0 0.178906 0.491204 0.017188 0.036111
0 0.166146 0.556481 0.014583 0.038889
0 0.161198 0.588889 0.022396 0.027778
0 0.173698 0.598611 0.016146 0.034259
0 0.187240 0.533333 0.019271 0.037037
0 0.199479 0.482407 0.020833 0.038889
0 0.172917 0.638889 0.014583 0.037037
0 0.167969 0.705556 0.015104 0.044444
0 0.164323 0.740278 0.017188 0.032407
0 0.175000 0.767593 0.017708 0.033333
0 0.209635 0.542130 0.013021 0.043519
0 0.209896 0.581944 0.019792 0.023148
0 0.202865 0.612037 0.014063 0.042593
0 0.188542 0.648611 0.017708 0.032407
0 0.184375 0.687500 0.016667 0.036111
0 0.181250 0.728704 0.020833 0.027778
0 0.194271 0.766204 0.022917 0.034259
0 0.230469 0.506481 0.016146 0.042593
0 0.245833 0.535185 0.016667 0.042593
0 0.228125 0.558796 0.025000 0.032407
0 0.264323 0.503704 0.021354 0.027778
0 0.273698 0.535648 0.017188 0.036111
0 0.219010 0.606481 0.017188 0.033333
0 0.204948 0.653704 0.022396 0.031481
0 0.224219 0.653704 0.011979 0.040741
0 0.202865 0.711111 0.014063 0.042593
0 0.220312 0.692593 0.019792 0.029630
0 0.213542 0.741204 0.016667 0.030556
0 0.232552 0.726389 0.021354 0.023148
0 0.228385 0.760648 0.016146 0.036111
0 0.254167 0.570833 0.015625 0.043519
0 0.240625 0.587500 0.014583 0.037963
0 0.239844 0.625463 0.022396 0.034259
0 0.239323 0.665278 0.015104 0.041667
0 0.257292 0.605093 0.016667 0.036111
0 0.269010 0.572685 0.017188 0.049074
0 0.262240 0.688426 0.026562 0.034259
0 0.253385 0.709259 0.020313 0.025926
0 0.261458 0.742593 0.010417 0.042593
0 0.277083 0.732407 0.017708 0.042593
0 0.275521 0.765741 0.025000 0.031481
0 0.287500 0.790741 0.017708 0.040741
0 0.316146 0.483796 0.015625 0.045370
0 0.294531 0.522685 0.015104 0.041667
0 0.287240 0.550000 0.015104 0.038889
0 0.290104 0.581019 0.017708 0.041667
0 0.276302 0.613426 0.017188 0.045370
0 0.293229 0.643519 0.019792 0.044444
0 0.275781 0.661574 0.028646 0.034259
0 0.284375 0.704630 0.017708 0.038889
0 0.339062 0.526389 0.016667 0.045370
0 0.386458 0.526852 0.016667 0.040741
0 0.404167 0.546296 0.017708 0.035185
0 0.374740 0.568981 0.028646 0.023148
0 0.361719 0.574074 0.015104 0.038889
0 0.312760 0.593056 0.013021 0.050926
0 0.326042 0.594444 0.021875 0.044444
0 0.333333 0.628704 0.023958 0.040741
0 0.384115 0.613889 0.023438 0.040741
0 0.357812 0.629167 0.022917 0.025000
0 0.316146 0.672222 0.016667 0.044444
0 0.301563 0.692593 0.016667 0.038889
0 0.335938 0.661574 0.014583 0.041667
0 0.354948 0.669444 0.018229 0.042593
0 0.375000 0.677778 0.022917 0.048148
0 0.398958 0.677315 0.015625 0.043519
0 0.324740 0.694907 0.021354 0.034259
0 0.346875 0.705093 0.014583 0.039815
0 0.339583 0.728704 0.018750 0.033333
0 0.310677 0.733333 0.021354 0.033333
0 0.324740 0.764815 0.014063 0.044444
0 0.197917 0.843981 0.012500 0.039815
0 0.238542 0.820833 0.016667 0.034259
0 0.246615 0.846296 0.013021 0.037037
0 0.483854 0.256944 0.020833 0.030556
0 0.620573 0.178241 0.019271 0.028704
0 0.690625 0.210185 0.016667 0.035185
0 0.413021 0.402778 0.015625 0.031481
0 0.407552 0.446296 0.014063 0.033333
0 0.414844 0.485185 0.017188 0.040741
0 0.411198 0.569907 0.013021 0.025000
0 0.425000 0.527778 0.015625 0.038889
0 0.430990 0.430556 0.014063 0.044444
0 0.443490 0.467130 0.011979 0.036111
0 0.439583 0.508796 0.015625 0.034259
0 0.446615 0.540278 0.017188 0.034259
0 0.437500 0.607407 0.016667 0.038889
0 0.437500 0.641204 0.019792 0.019444
0 0.428906 0.652315 0.010937 0.032407
0 0.459115 0.600926 0.017188 0.031481
0 0.474219 0.422685 0.013021 0.041667
0 0.464583 0.474537 0.025000 0.030556
0 0.457813 0.507870 0.023958 0.030556
0 0.489063 0.483796 0.017708 0.039815
0 0.466927 0.536574 0.021354 0.026852
0 0.490625 0.565278 0.012500 0.036111
0 0.477865 0.592130 0.013021 0.041667
0 0.468750 0.632870 0.014583 0.052778
0 0.472656 0.683333 0.018229 0.029630
0 0.507292 0.431019 0.014583 0.036111
0 0.502083 0.532407 0.014583 0.033333
0 0.508073 0.586111 0.016146 0.033333
0 0.526823 0.425463 0.019271 0.036111
0 0.545833 0.422222 0.022917 0.024074
0 0.547396 0.453241 0.017708 0.047222
0 0.530208 0.453704 0.016667 0.029630
0 0.538021 0.484259 0.026042 0.029630
0 0.521875 0.511574 0.020833 0.025000
0 0.549479 0.498148 0.014583 0.037037
0 0.545312 0.533796 0.019792 0.049074
0 0.532031 0.554630 0.020313 0.031481
0 0.531771 0.585185 0.013542 0.037037
0 0.522135 0.614352 0.018229 0.025000
0 0.516667 0.646296 0.013542 0.038889
0 0.511458 0.681481 0.014583 0.037037
0 0.508854 0.729630 0.014583 0.033333
0 0.574219 0.431481 0.017188 0.038889
0 0.565625 0.470370 0.016667 0.040741
0 0.570312 0.531944 0.013542 0.047222
0 0.567708 0.581019 0.020833 0.034259
0 0.553646 0.623148 0.014583 0.048148
0 0.539583 0.655556 0.013542 0.044444
0 0.531510 0.682870 0.018229 0.043519
0 0.555208 0.685185 0.012500 0.046296
0 0.571354 0.642593 0.016667 0.048148
0 0.593750 0.420370 0.013542 0.042593
0 0.609635 0.430556 0.013021 0.048148
0 0.623958 0.408333 0.013542 0.046296
0 0.602344 0.481944 0.011979 0.047222
0 0.584115 0.516204 0.013021 0.041667
0 0.601823 0.524074 0.010937 0.042593
0 0.585938 0.560185 0.021875 0.029630
0 0.606250 0.557407 0.016667 0.044444
0 0.600260 0.593981 0.019271 0.043519
0 0.611198 0.649537 0.018229 0.036111
0 0.630990 0.435185 0.014063 0.031481
0 0.624479 0.458796 0.015625 0.034259
0 0.624740 0.503241 0.014063 0.043519
0 0.628646 0.563426 0.018750 0.032407
0 0.625521 0.600463 0.013542 0.039815
0 0.629948 0.644907 0.017188 0.037963
0 0.623958 0.673611 0.015625 0.026852
0 0.650521 0.406019 0.012500 0.039815
0 0.650260 0.445833 0.014063 0.043519
0 0.652865 0.485185 0.023438 0.029630
0 0.643229 0.519907 0.017708 0.037963
0 0.663021 0.544907 0.019792 0.023148
0 0.651302 0.576389 0.016146 0.045370
0 0.655729 0.602315 0.022917 0.034259
0 0.643750 0.620370 0.016667 0.042593
0 0.671875 0.422685 0.013542 0.050926
0 0.680208 0.461111 0.015625 0.046296
0 0.677604 0.495833 0.016667 0.039815
0 0.474479 0.900000 0.019792 0.029630
0 0.472917 0.947222 0.013542 0.042593
0 0.492969 0.931944 0.023438 0.025000
0 0.491406 0.957407 0.015104 0.022222
0 0.509375 0.927315 0.013542 0.043519
0 0.554948 0.940741 0.018229 0.046296
0 0.577865 0.883333 0.015104 0.038889
0 0.576042 0.922685 0.010417 0.037963
0 0.594531 0.899537 0.013021 0.037963
0 0.593490 0.942593 0.013021 0.040741
0 0.612760 0.937500 0.015104 0.047222
0 0.977604 0.072222 0.021875 0.038889
0 0.992188 0.096759 0.015625 0.037963
0 0.970052 0.123148 0.023438 0.029630
0 0.992448 0.131019 0.015104 0.037963
0 0.964844 0.164352 0.019271 0.036111
0 0.876563 0.335185 0.023958 0.033333
0 0.702344 0.472222 0.017188 0.046296
0 0.704427 0.512037 0.020313 0.037037
0 0.692187 0.524074 0.023958 0.027778
0 0.724740 0.435185 0.015104 0.046296
0 0.743490 0.447685 0.015104 0.045370
0 0.733073 0.527315 0.015104 0.039815
0 0.756771 0.424074 0.014583 0.037037
0 0.748177 0.493056 0.013021 0.034259
0 0.775000 0.446296 0.013542 0.038889
0 0.772917 0.486574 0.013542 0.047222
0 0.796615 0.420833 0.022396 0.026852
0 0.792708 0.453704 0.014583 0.040741
0 0.791406 0.489352 0.019271 0.032407
0 0.819531 0.428241 0.009896 0.030556
0 0.823698 0.458796 0.017188 0.045370
0 0.811458 0.477778 0.016667 0.042593
0 0.845833 0.441204 0.012500 0.045370
0 0.831771 0.496759 0.015625 0.045370
0 0.847396 0.486111 0.017708 0.042593
0 0.860677 0.473611 0.018229 0.025000
0 0.817187 0.556481 0.019792 0.035185
0 0.808854 0.593056 0.016667 0.036111
0 0.833333 0.559259 0.020833 0.035185
0 0.853906 0.525000 0.018229 0.037037
0 0.834375 0.537500 0.013542 0.025000
0 0.864323 0.523148 0.019271 0.038889
0 0.838021 0.610185 0.014583 0.042593
0 0.840365 0.666667 0.022396 0.046296
0 0.858854 0.628704 0.015625 0.048148
0 0.862500 0.671759 0.016667 0.041667
0 0.905990 0.388426 0.024479 0.036111
0 0.891927 0.417130 0.017188 0.045370
0 0.913802 0.431019 0.015104 0.041667
0 0.928125 0.419444 0.015625 0.046296
0 0.968490 0.418056 0.024479 0.030556
0 0.956771 0.437963 0.025000 0.025926
0 0.976823 0.451389 0.020313 0.034259
0 0.889583 0.475000 0.014583 0.038889
0 0.907292 0.477315 0.017708 0.036111
0 0.938281 0.453241 0.018229 0.036111
0 0.953125 0.467593 0.017708 0.042593
0 0.964323 0.490278 0.024479 0.043519
0 0.922135 0.499537 0.019271 0.043519
0 0.939063 0.488426 0.012500 0.039815
0 0.881771 0.501852 0.016667 0.035185
0 0.898958 0.507407 0.021875 0.040741
0 0.923177 0.538889 0.020313 0.046296
0 0.939583 0.524074 0.013542 0.040741
0 0.952865 0.514815 0.019271 0.038889
0 0.975781 0.524537 0.014063 0.043519
0 0.994010 0.508333 0.011979 0.037037
0 0.993750 0.538889 0.012500 0.033333
0 0.901042 0.570833 0.013542 0.041667
0 0.965365 0.569444 0.015104 0.040741
0 0.985156 0.581019 0.021354 0.028704
0 0.947396 0.581944 0.020833 0.036111
0 0.938281 0.598148 0.013021 0.033333
0 0.947656 0.609259 0.015104 0.037037
0 0.888802 0.616204 0.021354 0.039815
0 0.912760 0.617130 0.025521 0.030556
0 0.877344 0.646759 0.010937 0.041667
0 0.895833 0.660648 0.027083 0.030556
0 0.921094 0.650000 0.015104 0.044444
0 0.965885 0.631481 0.021354 0.027778
0 0.993750 0.618519 0.012500 0.038889
0 0.949219 0.659259 0.019271 0.035185
0 0.904687 0.699537 0.017708 0.043519
0 0.931250 0.686574 0.012500 0.039815
0 0.949479 0.692130 0.015625 0.050926
0 0.973698 0.687037 0.015104 0.048148
0 0.916146 0.747222 0.017708 0.035185
0 0.945052 0.752315 0.016146 0.041667
0 0.968750 0.728241 0.020833 0.034259
0 0.984635 0.712500 0.020313 0.036111
0 0.987500 0.743519 0.017708 0.035185
