0 0.005078 0.187269 0.009896 0.041204
0 0.045182 0.123843 0.018750 0.034259
0 0.072982 0.117245 0.021224 0.045139
0 0.130078 0.133102 0.011979 0.035648
0 0.082812 0.151736 0.020833 0.039583
0 0.059961 0.162847 0.017839 0.044676
0 0.051758 0.195486 0.021224 0.027546
0 0.015755 0.215394 0.016927 0.041435
0 0.036263 0.207639 0.015495 0.033796
0 0.032552 0.242130 0.020573 0.041204
0 0.005924 0.300000 0.011589 0.029167
0 0.065104 0.227199 0.016667 0.046991
0 0.088151 0.200579 0.015885 0.041898
0 0.106966 0.221412 0.024609 0.030324
0 0.090039 0.240972 0.021224 0.028241
0 0.061328 0.280787 0.025521 0.024074
0 0.039388 0.295486 0.021745 0.049306
0 0.021094 0.323843 0.017448 0.034722
0 0.009310 0.380903 0.014974 0.043287
0 0.029557 0.377083 0.019792 0.046759
0 0.045898 0.351736 0.014974 0.042361
0 0.056771 0.316667 0.018229 0.034722
0 0.113281 0.273264 0.013281 0.042361
0 0.084961 0.328819 0.014974 0.036806
0 0.070508 0.361574 0.016797 0.042593
0 0.063151 0.376157 0.013281 0.038889
0 0.118490 0.320833 0.013021 0.032870
0 0.120443 0.345949 0.015365 0.036806
0 0.087370 0.377431 0.016927 0.036343
0 0.096484 0.414352 0.012760 0.039815
0 0.113802 0.409144 0.018490 0.032176
0 0.102930 0.451620 0.017057 0.026852
0 0.084245 0.472222 0.019792 0.029630
0 0.030143 0.546065 0.014714 0.040278
0 0.024089 0.600579 0.012760 0.038657
0 0.052148 0.538194 0.014453 0.037963
0 0.045182 0.564005 0.012500 0.043287
0 0.047070 0.610532 0.014714 0.037731
0 0.086328 0.507523 0.012760 0.042824
0 0.076432 0.545602 0.012240 0.046296
0 0.070898 0.596065 0.018620 0.043981
0 0.118880 0.459954 0.012760 0.038426
0 0.099544 0.480093 0.014193 0.044444
0 0.114974 0.508565 0.016667 0.033796
0 0.122982 0.551505 0.026693 0.030324
0 0.101693 0.576389 0.019531 0.044907
0 0.013021 0.670370 0.015625 0.034259
0 0.035807 0.689931 0.013542 0.038194
0 0.061719 0.714352 0.016146 0.033796
0 0.081120 0.729977 0.015365 0.047917
0 0.084049 0.692940 0.014453 0.037269
0 0.088151 0.628009 0.016927 0.035185
0 0.090755 0.662731 0.019271 0.036111
0 0.101432 0.711806 0.026042 0.026852
0 0.117643 0.721644 0.020964 0.028009
0 0.105469 0.739236 0.012500 0.041435
0 0.159961 0.040856 0.011589 0.020139
0 0.180013 0.048843 0.011589 0.034259
0 0.196354 0.043750 0.019271 0.029167
0 0.160091 0.064931 0.015755 0.027083
0 0.148177 0.098611 0.011979 0.039352
0 0.169661 0.115278 0.013021 0.046296
0 0.201563 0.079282 0.019531 0.029861
0 0.188411 0.109722 0.019271 0.024074
0 0.210742 0.118750 0.020964 0.024074
0 0.196484 0.131134 0.012760 0.049769
0 0.180990 0.141667 0.023177 0.026852
0 0.152279 0.147106 0.018880 0.042824
0 0.132487 0.176736 0.013932 0.043287
0 0.173112 0.177083 0.017578 0.034259
0 0.146615 0.202778 0.012240 0.046296
0 0.165299 0.226157 0.020703 0.030556
0 0.196615 0.214120 0.016406 0.042593
0 0.209440 0.243519 0.014974 0.042130
0 0.188542 0.238542 0.015625 0.042361
0 0.175195 0.270023 0.025130 0.027546
0 0.144401 0.271759 0.025260 0.029167
0 0.184310 0.309722 0.018359 0.040741
0 0.160221 0.310301 0.017839 0.031713
0 0.141992 0.337616 0.020964 0.043287
0 0.132747 0.372917 0.013932 0.044444
0 0.171354 0.331829 0.022656 0.032639
0 0.202409 0.281250 0.013932 0.046296
0 0.143229 0.404630 0.010937 0.047222
0 0.169141 0.370370 0.019792 0.027315
0 0.185286 0.358796 0.015885 0.036111
0 0.166992 0.402315 0.014453 0.044907
0 0.185156 0.394560 0.012240 0.038194
0 0.169141 0.444792 0.015365 0.036343
0 0.137891 0.441088 0.016146 0.031713
0 0.212891 0.348032 0.016667 0.031713
0 0.212305 0.434259 0.013411 0.035185
0 0.180469 0.492824 0.018229 0.040741
0 0.233268 0.329398 0.015495 0.047685
0 0.251497 0.304167 0.014714 0.041667
0 0.236979 0.377199 0.016146 0.049769
0 0.198568 0.483333 0.015365 0.038889
0 0.227148 0.464005 0.014193 0.043287
0 0.129492 0.595255 0.014193 0.038194
0 0.114909 0.628704 0.024609 0.022685
0 0.143359 0.575116 0.022656 0.031250
0 0.142643 0.643634 0.014974 0.026157
0 0.132292 0.681366 0.013021 0.038194
0 0.135547 0.518056 0.019531 0.026852
0 0.144076 0.490162 0.010547 0.043287
0 0.167839 0.557870 0.016667 0.039815
0 0.189518 0.532639 0.024870 0.029630
0 0.210482 0.541551 0.012370 0.043287
0 0.230990 0.508218 0.013281 0.044213
0 0.163216 0.591551 0.024349 0.024769
0 0.175781 0.595023 0.015625 0.036806
0 0.173633 0.639120 0.015234 0.046296
0 0.211328 0.581250 0.023177 0.022222
0 0.202409 0.611574 0.016797 0.040741
0 0.220378 0.608912 0.018099 0.033102
0 0.188867 0.646412 0.017839 0.032639
0 0.225195 0.654977 0.011849 0.030787
0 0.205794 0.653935 0.017318 0.030556
0 0.148047 0.704051 0.013802 0.042361
0 0.145378 0.731944 0.017057 0.030556
0 0.133529 0.769676 0.024349 0.025463
0 0.169466 0.704745 0.014193 0.042824
0 0.184440 0.687037 0.014714 0.034722
0 0.164779 0.740162 0.017318 0.031250
0 0.173242 0.764120 0.017318 0.026852
0 0.182031 0.726157 0.022917 0.027315
0 0.204948 0.711227 0.015104 0.043750
0 0.220117 0.689583 0.017057 0.029630
0 0.215690 0.741435 0.020182 0.034722
0 0.194596 0.764352 0.023828 0.033333
0 0.198437 0.842824 0.016146 0.047222
0 0.237240 0.820486 0.013281 0.031713
0 0.247135 0.846412 0.012240 0.041435
0 0.227734 0.759144 0.014063 0.038657
0 0.232422 0.726968 0.022917 0.032639
0 0.288737 0.793403 0.014974 0.042824
0 0.325000 0.764120 0.012760 0.041667
0 0.277865 0.768866 0.026042 0.031250
0 0.262695 0.745023 0.011589 0.042824
0 0.277409 0.736690 0.016016 0.033102
0 0.254818 0.708333 0.026302 0.021759
0 0.262956 0.686690 0.024609 0.024769
0 0.309570 0.730671 0.018620 0.024306
0 0.302148 0.690162 0.014714 0.044676
0 0.285612 0.703704 0.013932 0.045833
0 0.338281 0.726968 0.018490 0.030787
0 0.347070 0.706019 0.013932 0.043056
0 0.324544 0.697454 0.023828 0.033333
0 0.316862 0.676852 0.015234 0.045370
0 0.335286 0.658218 0.015365 0.042361
0 0.277279 0.656481 0.023828 0.029630
0 0.294401 0.642824 0.017188 0.045833
0 0.240039 0.665278 0.015495 0.040278
0 0.236393 0.623495 0.014453 0.034028
0 0.229036 0.556019 0.020052 0.028241
0 0.256706 0.605440 0.014453 0.037269
0 0.276562 0.611111 0.017188 0.039815
0 0.333073 0.629977 0.019792 0.033102
0 0.327083 0.595833 0.022135 0.038426
0 0.312370 0.589815 0.013021 0.051389
0 0.290885 0.579630 0.019271 0.035185
0 0.269336 0.569213 0.013672 0.047222
0 0.252539 0.572917 0.014453 0.042593
0 0.245703 0.533912 0.015625 0.038194
0 0.287565 0.548727 0.014974 0.037731
0 0.294792 0.522106 0.016927 0.050694
0 0.273633 0.531597 0.020964 0.036806
0 0.263281 0.502894 0.025260 0.026620
0 0.247656 0.482060 0.019531 0.032176
0 0.338802 0.526389 0.016146 0.041204
0 0.338281 0.488079 0.016146 0.039120
0 0.316927 0.488079 0.015885 0.050231
0 0.352409 0.464236 0.016797 0.045602
0 0.333073 0.455208 0.016406 0.038657
0 0.269596 0.463657 0.018620 0.039815
0 0.263411 0.431481 0.010156 0.044907
0 0.255794 0.403009 0.015234 0.045370
0 0.256315 0.345139 0.014714 0.051389
0 0.274479 0.408912 0.013542 0.042824
0 0.272852 0.376620 0.021224 0.046759
0 0.299805 0.360995 0.021224 0.036806
0 0.292187 0.402546 0.019531 0.039352
0 0.289844 0.439352 0.013281 0.052315
0 0.315365 0.393981 0.012760 0.047222
0 0.336458 0.419213 0.019792 0.046296
0 0.324805 0.259606 0.012370 0.048380
0 0.346354 0.372338 0.012500 0.038194
0 0.351042 0.333333 0.019531 0.039815
0 0.340820 0.284491 0.017839 0.051852
0 0.340560 0.250579 0.018359 0.037269
0 0.332617 0.218403 0.017318 0.037269
0 0.350846 0.193634 0.017578 0.026157
0 0.354948 0.226968 0.013802 0.043287
0 0.226302 0.077778 0.023177 0.024537
0 0.241016 0.046528 0.010677 0.041667
0 0.263997 0.067245 0.023828 0.036806
0 0.282943 0.097106 0.020313 0.028009
0 0.293099 0.071065 0.016406 0.046296
0 0.317318 0.062616 0.016667 0.041898
0 0.335417 0.048264 0.012760 0.033102
0 0.309701 0.099074 0.014453 0.039352
0 0.287565 0.133102 0.014974 0.044907
0 0.332617 0.097338 0.013411 0.041898
0 0.332292 0.122222 0.016667 0.040278
0 0.323828 0.148380 0.016667 0.041204
0 0.357096 0.294676 0.021484 0.027778
0 0.373698 0.392245 0.016146 0.030787
0 0.395833 0.378125 0.015885 0.037731
0 0.413607 0.402894 0.014974 0.030787
0 0.389388 0.433796 0.018620 0.045370
0 0.369987 0.474306 0.020703 0.035648
0 0.362565 0.503819 0.014974 0.043287
0 0.408333 0.446644 0.013542 0.038657
0 0.430143 0.428009 0.012370 0.047685
0 0.357552 0.549306 0.019531 0.034722
0 0.361328 0.575231 0.011979 0.035185
0 0.395573 0.500463 0.023177 0.025463
0 0.415820 0.486690 0.014974 0.049306
0 0.445964 0.469792 0.012500 0.043750
0 0.439714 0.505903 0.012500 0.037731
0 0.425456 0.522917 0.014453 0.041204
0 0.386914 0.531944 0.014974 0.042130
0 0.404362 0.548727 0.015755 0.033565
0 0.378190 0.569097 0.024089 0.031250
0 0.412435 0.566782 0.013932 0.025694
0 0.447135 0.542245 0.015885 0.037731
0 0.459115 0.507176 0.023438 0.035185
0 0.384375 0.615162 0.019531 0.032639
0 0.360352 0.629051 0.028516 0.031250
0 0.375065 0.677778 0.018359 0.041204
0 0.399805 0.678588 0.014193 0.037731
0 0.437891 0.606597 0.013802 0.038657
0 0.429297 0.652662 0.012500 0.038194
0 0.437500 0.640394 0.020313 0.021528
0 0.447396 0.630440 0.019792 0.032176
0 0.458724 0.600810 0.017448 0.032176
0 0.468034 0.537500 0.023828 0.030093
0 0.470052 0.633565 0.013542 0.046296
0 0.475130 0.682639 0.018229 0.032870
0 0.510352 0.729745 0.013932 0.037269
0 0.556510 0.683449 0.012240 0.038194
0 0.530859 0.680903 0.015885 0.038194
0 0.512174 0.680324 0.015234 0.036111
0 0.516992 0.649421 0.014714 0.046991
0 0.538802 0.655208 0.013021 0.042361
0 0.572656 0.642361 0.012760 0.043981
0 0.554102 0.623495 0.012370 0.053472
0 0.521745 0.613889 0.022917 0.034259
0 0.509375 0.587847 0.021615 0.032176
0 0.479036 0.592824 0.013021 0.036111
0 0.491016 0.569329 0.013542 0.043750
0 0.530924 0.584722 0.011849 0.031019
0 0.567578 0.584028 0.020052 0.035648
0 0.463932 0.471181 0.021875 0.031713
0 0.474023 0.423958 0.014193 0.035880
0 0.486784 0.482870 0.021484 0.038889
0 0.509115 0.432870 0.015365 0.040278
0 0.501758 0.533102 0.011849 0.040741
0 0.522201 0.514815 0.021224 0.031019
0 0.533268 0.554514 0.014974 0.033102
0 0.527930 0.425231 0.020182 0.036111
0 0.531185 0.453125 0.017057 0.036806
0 0.547591 0.422917 0.025391 0.030556
0 0.548438 0.451157 0.017448 0.046759
0 0.575195 0.433218 0.016797 0.042361
0 0.536263 0.478009 0.026693 0.035185
0 0.563997 0.471759 0.012370 0.036574
0 0.550846 0.499537 0.016016 0.045833
0 0.547852 0.537616 0.014714 0.048843
0 0.570703 0.533681 0.013281 0.050694
0 0.592839 0.419792 0.011198 0.037269
0 0.609115 0.433102 0.014844 0.049537
0 0.622917 0.407292 0.014844 0.052083
0 0.601693 0.481366 0.016667 0.058565
0 0.585807 0.515394 0.015885 0.052083
0 0.601172 0.525694 0.014063 0.048148
0 0.586328 0.556944 0.024219 0.034722
0 0.608398 0.559838 0.019922 0.052083
0 0.600260 0.594792 0.021615 0.050231
0 0.611654 0.648148 0.017057 0.031019
0 0.624349 0.671991 0.015625 0.041204
0 0.631185 0.642708 0.015495 0.032639
0 0.625781 0.598611 0.016927 0.041204
0 0.629883 0.565162 0.018099 0.038657
0 0.625586 0.507292 0.017318 0.055324
0 0.625781 0.459375 0.015625 0.041898
0 0.632422 0.437269 0.015885 0.046296
0 0.650195 0.407986 0.013672 0.044213
0 0.650326 0.444560 0.016276 0.045602
0 0.653776 0.483565 0.020313 0.026852
0 0.643294 0.519907 0.018880 0.036574
0 0.663411 0.542361 0.022135 0.026389
0 0.652344 0.576505 0.015104 0.041898
0 0.645833 0.620486 0.015885 0.040972
0 0.655208 0.602778 0.019531 0.025000
0 0.671680 0.422454 0.012630 0.052778
0 0.681706 0.460417 0.014453 0.044907
0 0.677799 0.496759 0.016276 0.049537
0 0.723633 0.432060 0.013672 0.042361
0 0.703711 0.478472 0.015234 0.051389
0 0.693750 0.531481 0.022135 0.039352
0 0.705013 0.517014 0.019922 0.042361
0 0.756901 0.423727 0.015104 0.042361
0 0.742188 0.447801 0.014844 0.045602
0 0.747852 0.492593 0.015234 0.046296
0 0.732096 0.526620 0.012630 0.039815
0 0.775651 0.445949 0.013021 0.041898
0 0.772982 0.487731 0.014714 0.049537
0 0.797266 0.419560 0.021354 0.034028
0 0.792708 0.453009 0.015104 0.044444
0 0.792513 0.495718 0.027214 0.043750
0 0.820508 0.426968 0.014453 0.040972
0 0.822135 0.458796 0.017708 0.035185
0 0.813151 0.480324 0.018490 0.044907
0 0.846940 0.442014 0.016536 0.046991
0 0.876302 0.336574 0.026042 0.037963
0 0.906641 0.388079 0.021615 0.035417
0 0.832292 0.497454 0.015625 0.043056
0 0.848763 0.485185 0.016016 0.041667
0 0.861198 0.470139 0.020573 0.023148
0 0.892188 0.417245 0.016667 0.038657
0 0.914388 0.428935 0.016276 0.044907
0 0.927604 0.421181 0.013021 0.056713
0 0.816732 0.557870 0.019922 0.044444
0 0.810807 0.596759 0.015885 0.046296
0 0.833529 0.551042 0.018099 0.045139
0 0.853451 0.523380 0.016536 0.041204
0 0.864844 0.521759 0.017708 0.039352
0 0.889453 0.472569 0.013281 0.033565
0 0.881510 0.502546 0.014844 0.039352
0 0.897917 0.505787 0.015885 0.037963
0 0.907878 0.478125 0.016276 0.034028
0 0.923958 0.501273 0.019531 0.041898
0 0.921289 0.537500 0.019141 0.046296
0 0.838281 0.608912 0.017448 0.053935
0 0.858398 0.628241 0.016276 0.044907
0 0.838997 0.663889 0.016536 0.037963
0 0.862630 0.675810 0.014844 0.033565
0 0.901758 0.570023 0.014193 0.043287
0 0.888216 0.614352 0.021745 0.039352
0 0.882227 0.643634 0.022005 0.040972
0 0.896549 0.663889 0.024609 0.030093
0 0.913281 0.617593 0.025000 0.039352
0 0.919987 0.653935 0.014453 0.047685
0 0.904102 0.702778 0.017318 0.050000
0 0.931185 0.687731 0.014453 0.041667
0 0.917643 0.746528 0.017057 0.037500
0 0.984961 0.807292 0.012630 0.031713
0 0.946940 0.754282 0.015495 0.045139
0 0.949284 0.692824 0.015234 0.044444
0 0.970638 0.731829 0.023047 0.032176
0 0.986719 0.744676 0.020573 0.034722
0 0.985807 0.712153 0.022396 0.027546
0 0.975716 0.687384 0.016536 0.047454
0 0.940104 0.599653 0.011979 0.035417
0 0.946419 0.582176 0.017318 0.031481
0 0.947852 0.614005 0.016016 0.032176
0 0.967904 0.633333 0.022005 0.031019
0 0.964128 0.571065 0.013672 0.041204
0 0.987630 0.577431 0.021615 0.038657
0 0.993620 0.625694 0.012760 0.041204
0 0.954362 0.435301 0.020182 0.027083
0 0.969010 0.417361 0.020573 0.028241
0 0.936849 0.451736 0.016927 0.030324
0 0.977539 0.451620 0.020964 0.031481
0 0.952930 0.462963 0.016536 0.033333
0 0.940039 0.491898 0.016276 0.038426
0 0.965560 0.491551 0.023828 0.035417
0 0.938997 0.525579 0.014193 0.035417
0 0.951693 0.517593 0.014844 0.038426
0 0.976562 0.529167 0.014844 0.050000
0 0.994141 0.509259 0.010937 0.034722
0 0.994206 0.542708 0.011589 0.035880
