0 0.005990 0.265278 0.010937 0.030556
0 0.007292 0.313889 0.012500 0.025926
0 0.092708 0.221759 0.014583 0.026852
0 0.085938 0.247222 0.014583 0.033333
0 0.101823 0.248148 0.009896 0.037037
0 0.083073 0.279630 0.008854 0.031481
0 0.074219 0.317130 0.009896 0.036111
0 0.085938 0.304167 0.015625 0.030556
0 0.097917 0.285185 0.011458 0.033333
0 0.111979 0.271759 0.011458 0.039815
0 0.084635 0.335648 0.014063 0.032407
0 0.073438 0.358333 0.010417 0.031481
0 0.086719 0.370833 0.016146 0.023148
0 0.073698 0.381944 0.017188 0.025000
0 0.102083 0.337500 0.013542 0.030556
0 0.102604 0.370833 0.015625 0.023148
0 0.128646 0.262500 0.011458 0.028704
0 0.127083 0.290278 0.012500 0.032407
0 0.130469 0.333796 0.013021 0.034259
0 0.117448 0.354630 0.014063 0.029630
0 0.123177 0.395370 0.019271 0.027778
0 0.138542 0.196759 0.015625 0.025000
0 0.157812 0.192130 0.018750 0.036111
0 0.165365 0.213426 0.013021 0.036111
0 0.146615 0.223611 0.016146 0.041667
0 0.141406 0.254167 0.018229 0.023148
0 0.151302 0.279167 0.009896 0.036111
0 0.169271 0.257870 0.012500 0.034259
0 0.148698 0.323148 0.018229 0.018519
0 0.145313 0.350926 0.014583 0.033333
0 0.135677 0.377778 0.008854 0.029630
0 0.167969 0.362037 0.009896 0.031481
0 0.154688 0.386574 0.011458 0.030556
0 0.171875 0.290741 0.017708 0.022222
0 0.182812 0.269907 0.018750 0.025000
0 0.189844 0.314815 0.010937 0.035185
0 0.193490 0.354630 0.014063 0.035185
0 0.192969 0.370833 0.013021 0.034259
0 0.222917 0.077778 0.011458 0.020370
0 0.227604 0.095370 0.010417 0.029630
0 0.223438 0.120833 0.016667 0.032407
0 0.225521 0.143519 0.016667 0.020370
0 0.215625 0.173148 0.006250 0.033333
0 0.201823 0.199537 0.008854 0.030556
0 0.204427 0.239352 0.011979 0.037963
0 0.251302 0.079167 0.011979 0.036111
0 0.284375 0.068056 0.010417 0.032407
0 0.298177 0.068056 0.018229 0.032407
0 0.316406 0.062963 0.011979 0.035185
0 0.333594 0.059259 0.014063 0.031481
0 0.323698 0.082407 0.009896 0.033333
0 0.325000 0.105556 0.013542 0.033333
0 0.270573 0.096296 0.010937 0.029630
0 0.242708 0.131944 0.010417 0.034259
0 0.256250 0.128241 0.017708 0.025000
0 0.278385 0.116667 0.016146 0.031481
0 0.294271 0.131019 0.011458 0.041667
0 0.311458 0.149074 0.019792 0.029630
0 0.282031 0.158796 0.021354 0.021296
0 0.259115 0.158333 0.019271 0.024074
0 0.234635 0.186111 0.010937 0.035185
0 0.249479 0.184259 0.018750 0.020370
0 0.268490 0.190278 0.018229 0.025000
0 0.327083 0.174537 0.017708 0.026852
0 0.329948 0.200000 0.010937 0.035185
0 0.254948 0.203704 0.009896 0.037037
0 0.244271 0.208796 0.017708 0.017593
0 0.219531 0.212037 0.013021 0.029630
0 0.236198 0.236574 0.011979 0.026852
0 0.215365 0.258333 0.009896 0.033333
0 0.230469 0.277778 0.021354 0.022222
0 0.255469 0.267130 0.013021 0.032407
0 0.248958 0.288889 0.011458 0.037037
0 0.212760 0.311574 0.018229 0.023148
0 0.266146 0.290278 0.011458 0.028704
0 0.260677 0.323611 0.009896 0.032407
0 0.237760 0.312500 0.019271 0.019444
0 0.211979 0.367130 0.015625 0.030556
0 0.226042 0.345833 0.014583 0.028704
0 0.236979 0.334722 0.015625 0.021296
0 0.246615 0.344907 0.016146 0.030556
0 0.238021 0.366204 0.020833 0.030556
0 0.300260 0.340741 0.015104 0.035185
0 0.285417 0.357407 0.011458 0.033333
0 0.271875 0.376852 0.015625 0.029630
0 0.305990 0.372222 0.013021 0.038889
0 0.320573 0.400926 0.018229 0.027778
0 0.289062 0.397685 0.012500 0.037963
0 0.018229 0.442593 0.012500 0.022222
0 0.169271 0.397685 0.017708 0.021296
0 0.203906 0.396759 0.011979 0.030556
0 0.234635 0.393519 0.017188 0.024074
0 0.248177 0.415741 0.010937 0.031481
0 0.213021 0.421296 0.010417 0.038889
0 0.175000 0.427315 0.011458 0.028704
0 0.191927 0.423611 0.010937 0.034259
0 0.063542 0.610185 0.011458 0.033333
0 0.075781 0.604630 0.014063 0.027778
0 0.072396 0.632407 0.012500 0.027778
0 0.093490 0.574537 0.020313 0.037963
0 0.089583 0.602315 0.012500 0.039815
0 0.090885 0.629167 0.017188 0.025000
0 0.082031 0.654167 0.014063 0.032407
0 0.106771 0.641204 0.016667 0.036111
0 0.114844 0.580093 0.013021 0.036111
0 0.119531 0.537500 0.011979 0.034259
0 0.137240 0.528241 0.015104 0.028704
0 0.133073 0.552778 0.011979 0.031481
0 0.134635 0.589815 0.015104 0.037037
0 0.124479 0.655093 0.011458 0.025000
0 0.163281 0.478704 0.016146 0.025926
0 0.178385 0.457407 0.018229 0.022222
0 0.192448 0.467130 0.010937 0.028704
0 0.207292 0.450463 0.015625 0.019444
0 0.165104 0.505556 0.009375 0.040741
0 0.157292 0.536574 0.011458 0.032407
0 0.153125 0.577778 0.014583 0.037037
0 0.144010 0.671759 0.016146 0.026852
0 0.177083 0.562037 0.020833 0.031481
0 0.167187 0.603241 0.015625 0.028704
0 0.170052 0.630093 0.019271 0.026852
0 0.164583 0.660185 0.011458 0.033333
0 0.162240 0.685185 0.011979 0.037037
0 0.187240 0.508333 0.010937 0.035185
0 0.201823 0.484722 0.011979 0.030556
0 0.212500 0.485648 0.010417 0.036111
0 0.204687 0.513426 0.022917 0.025000
0 0.195573 0.539352 0.020313 0.021296
0 0.201042 0.575926 0.011458 0.031481
0 0.188802 0.601852 0.019271 0.018519
0 0.209635 0.616204 0.013021 0.025000
0 0.202344 0.645833 0.013021 0.028704
0 0.175260 0.674537 0.017188 0.021296
0 0.189583 0.679167 0.019792 0.026852
0 0.180469 0.692130 0.011979 0.032407
0 0.232813 0.420370 0.011458 0.035185
0 0.233854 0.454167 0.013542 0.030556
0 0.241667 0.494907 0.014583 0.034259
0 0.249479 0.524537 0.014583 0.023148
0 0.230729 0.544444 0.013542 0.029630
0 0.211198 0.556944 0.016146 0.026852
0 0.226302 0.572222 0.016146 0.025926
0 0.237240 0.575926 0.013021 0.033333
0 0.236198 0.609722 0.011979 0.032407
0 0.214583 0.661111 0.012500 0.035185
0 0.232292 0.663889 0.012500 0.033333
0 0.212760 0.692130 0.014063 0.034259
0 0.202344 0.716667 0.020313 0.022222
0 0.229167 0.696759 0.013542 0.026852
0 0.235156 0.716204 0.015104 0.032407
0 0.270052 0.445370 0.011979 0.033333
0 0.260156 0.484259 0.014063 0.035185
0 0.282292 0.467593 0.012500 0.035185
0 0.297135 0.456481 0.014063 0.029630
0 0.306771 0.421759 0.010417 0.037963
0 0.313021 0.442593 0.009375 0.037037
0 0.321354 0.424537 0.011458 0.036111
0 0.332552 0.445370 0.008854 0.033333
0 0.317969 0.469907 0.013021 0.034259
0 0.298438 0.485185 0.015625 0.025926
0 0.285156 0.503241 0.010937 0.034259
0 0.268490 0.532407 0.009896 0.035185
0 0.298958 0.526389 0.013542 0.032407
0 0.312500 0.502315 0.018750 0.021296
0 0.320573 0.525000 0.011979 0.029630
0 0.283594 0.543056 0.017188 0.026852
0 0.317448 0.554167 0.013021 0.036111
0 0.304948 0.553704 0.013021 0.035185
0 0.268750 0.562963 0.016667 0.018519
0 0.262760 0.586111 0.013021 0.029630
0 0.276302 0.585648 0.017188 0.030556
0 0.293490 0.568056 0.011979 0.028704
0 0.306771 0.583333 0.012500 0.029630
0 0.323698 0.590278 0.014063 0.036111
0 0.291927 0.597222 0.018229 0.025926
0 0.249479 0.615741 0.012500 0.025926
0 0.264323 0.623148 0.017188 0.025926
0 0.279167 0.623148 0.010417 0.031481
0 0.292187 0.632870 0.015625 0.039815
0 0.321875 0.627315 0.017708 0.026852
0 0.245833 0.651852 0.013542 0.033333
0 0.260677 0.670370 0.013021 0.031481
0 0.274479 0.654630 0.013542 0.025926
0 0.310156 0.650926 0.022396 0.025926
0 0.329167 0.662037 0.016667 0.029630
0 0.300781 0.668056 0.019271 0.019444
0 0.255208 0.717593 0.023958 0.035185
0 0.243750 0.685185 0.020833 0.024074
0 0.268750 0.694444 0.014583 0.029630
0 0.286719 0.686111 0.020313 0.033333
0 0.281250 0.712037 0.013542 0.033333
0 0.309896 0.703704 0.012500 0.044444
0 0.322396 0.689815 0.016667 0.029630
0 0.323437 0.715278 0.018750 0.026852
0 0.330729 0.734722 0.013542 0.036111
0 0.257031 0.779630 0.010937 0.033333
0 0.288542 0.758796 0.010417 0.026852
0 0.296615 0.782870 0.009896 0.034259
0 0.351302 0.055093 0.009896 0.036111
0 0.343229 0.075000 0.008333 0.033333
0 0.369792 0.075926 0.010417 0.035185
0 0.361458 0.099074 0.011458 0.031481
0 0.370833 0.128241 0.013542 0.041667
0 0.354948 0.148611 0.015104 0.034259
0 0.335677 0.151389 0.015104 0.032407
0 0.348438 0.172685 0.012500 0.028704
0 0.367448 0.176389 0.011979 0.034259
0 0.366406 0.192130 0.014063 0.030556
0 0.357812 0.208333 0.013542 0.029630
0 0.381771 0.249074 0.017708 0.022222
0 0.366406 0.268056 0.017188 0.030556
0 0.383594 0.273611 0.011979 0.032407
0 0.359896 0.304630 0.012500 0.044444
0 0.372396 0.295370 0.015625 0.031481
0 0.371094 0.318056 0.014063 0.039815
0 0.387760 0.331944 0.020313 0.025000
0 0.490104 0.302315 0.017708 0.023148
0 0.599479 0.245370 0.016667 0.031481
0 0.340885 0.387963 0.014063 0.024074
0 0.382552 0.360185 0.014063 0.031481
0 0.378125 0.395370 0.011458 0.033333
0 0.352865 0.417593 0.009896 0.040741
0 0.371094 0.431481 0.015104 0.035185
0 0.367708 0.460185 0.011458 0.033333
0 0.355469 0.487963 0.013021 0.040741
0 0.338281 0.514815 0.014063 0.031481
0 0.333594 0.538426 0.014063 0.030556
0 0.336198 0.563426 0.016146 0.032407
0 0.336458 0.613889 0.012500 0.037037
0 0.341927 0.650463 0.014063 0.034259
0 0.383333 0.467130 0.014583 0.041667
0 0.371875 0.487500 0.013542 0.034259
0 0.371875 0.524074 0.007292 0.040741
0 0.361719 0.574537 0.019271 0.028704
0 0.366146 0.601852 0.020833 0.029630
0 0.353906 0.639352 0.013021 0.034259
0 0.370573 0.631019 0.013021 0.028704
0 0.360677 0.653704 0.018229 0.025926
0 0.349479 0.684722 0.019792 0.025000
0 0.372396 0.680093 0.018750 0.028704
0 0.377865 0.664352 0.013021 0.039815
0 0.400781 0.410185 0.014063 0.025926
0 0.418490 0.397685 0.014063 0.028704
0 0.432552 0.420370 0.014063 0.027778
0 0.413281 0.441667 0.013021 0.035185
0 0.398438 0.478704 0.022917 0.025926
0 0.428125 0.455556 0.009375 0.031481
0 0.445312 0.440278 0.011458 0.036111
0 0.392188 0.500463 0.013542 0.036111
0 0.373958 0.520370 0.012500 0.031481
0 0.386979 0.538426 0.022917 0.030556
0 0.389323 0.600926 0.020313 0.027778
0 0.385937 0.636111 0.015625 0.037037
0 0.401302 0.645370 0.017188 0.035185
0 0.433854 0.485185 0.011458 0.037037
0 0.417187 0.499074 0.017708 0.018519
0 0.411198 0.521296 0.013021 0.035185
0 0.404427 0.555556 0.021354 0.022222
0 0.424219 0.535185 0.017188 0.025926
0 0.431250 0.551852 0.018750 0.027778
0 0.408854 0.592593 0.017708 0.025926
0 0.420573 0.644444 0.011979 0.035185
0 0.457552 0.472685 0.010937 0.036111
0 0.452865 0.505093 0.009896 0.030556
0 0.441146 0.519907 0.011458 0.028704
0 0.460156 0.531481 0.015104 0.031481
0 0.452865 0.584259 0.015104 0.037037
0 0.452865 0.609722 0.015104 0.021296
0 0.444531 0.617130 0.008854 0.032407
0 0.462240 0.603241 0.018229 0.030556
0 0.469271 0.580556 0.014583 0.027778
0 0.480729 0.435648 0.010417 0.036111
0 0.472917 0.476852 0.017708 0.022222
0 0.492188 0.483796 0.011458 0.036111
0 0.467969 0.504630 0.021354 0.022222
0 0.475521 0.526389 0.019792 0.025000
0 0.503906 0.525000 0.010937 0.027778
0 0.494271 0.551852 0.009375 0.031481
0 0.484896 0.575463 0.010417 0.034259
0 0.477865 0.603704 0.010937 0.035185
0 0.482292 0.648611 0.015625 0.030556
0 0.508854 0.444907 0.011458 0.030556
0 0.524740 0.437963 0.015104 0.029630
0 0.539844 0.437037 0.017188 0.024074
0 0.527083 0.458796 0.013542 0.028704
0 0.542188 0.458333 0.012500 0.038889
0 0.533073 0.484722 0.022396 0.021296
0 0.520052 0.506481 0.018229 0.020370
0 0.554948 0.475000 0.014063 0.033333
0 0.543229 0.497685 0.012500 0.036111
0 0.539844 0.526852 0.011979 0.033333
0 0.528646 0.542593 0.015625 0.027778
0 0.509896 0.567593 0.013542 0.029630
0 0.527865 0.567593 0.011979 0.029630
0 0.520833 0.591667 0.014583 0.020370
0 0.514844 0.614815 0.013021 0.033333
0 0.511198 0.642593 0.009896 0.035185
0 0.509375 0.681944 0.011458 0.026852
0 0.527344 0.643056 0.014063 0.036111
0 0.533854 0.624537 0.012500 0.037963
0 0.546354 0.595833 0.011458 0.047222
0 0.547917 0.647222 0.010417 0.037037
0 0.561979 0.443519 0.012500 0.029630
0 0.578906 0.437963 0.010937 0.037037
0 0.571354 0.510185 0.012500 0.035185
0 0.559375 0.524537 0.010417 0.037963
0 0.558333 0.562963 0.019792 0.033333
0 0.571615 0.546296 0.019271 0.029630
0 0.560937 0.614352 0.012500 0.045370
0 0.583854 0.572685 0.017708 0.036111
0 0.590885 0.444444 0.010937 0.038889
0 0.602344 0.425463 0.013021 0.041667
0 0.623437 0.425463 0.012500 0.037963
0 0.638542 0.438426 0.009375 0.036111
0 0.623437 0.454630 0.011458 0.037037
0 0.607812 0.446759 0.011458 0.030556
0 0.602865 0.468056 0.013021 0.034259
0 0.583854 0.483333 0.011458 0.038889
0 0.603125 0.503704 0.013542 0.044444
0 0.606250 0.550463 0.013542 0.023148
0 0.583594 0.518519 0.010937 0.033333
0 0.587760 0.542593 0.015104 0.035185
0 0.603385 0.580556 0.010937 0.031481
0 0.591406 0.617130 0.014063 0.030556
0 0.607031 0.612963 0.016146 0.029630
0 0.601302 0.636111 0.013021 0.031481
0 0.627083 0.486574 0.019792 0.030556
0 0.618229 0.515278 0.016667 0.034259
0 0.633333 0.533796 0.017708 0.019444
0 0.624479 0.562963 0.013542 0.035185
0 0.628385 0.578704 0.015104 0.024074
0 0.619792 0.596296 0.014583 0.046296
0 0.361458 0.710185 0.013542 0.038889
0 0.482292 0.824074 0.017708 0.022222
0 0.478385 0.857407 0.011979 0.035185
0 0.478125 0.892130 0.012500 0.032407
0 0.479167 0.943981 0.011458 0.034259
0 0.497656 0.848611 0.018229 0.025000
0 0.510417 0.844444 0.012500 0.035185
0 0.495052 0.873611 0.011979 0.032407
0 0.494271 0.916667 0.012500 0.031481
0 0.496615 0.953241 0.011979 0.025000
0 0.514323 0.915741 0.011979 0.031481
0 0.518750 0.954167 0.014583 0.023148
0 0.547396 0.855093 0.014583 0.030556
0 0.545052 0.875000 0.011979 0.035185
0 0.542708 0.912500 0.010417 0.032407
0 0.544010 0.944907 0.013021 0.030556
0 0.558594 0.955556 0.015104 0.024074
0 0.562240 0.898148 0.014063 0.038889
0 0.557552 0.923611 0.011979 0.030556
0 0.565625 0.809259 0.013542 0.029630
0 0.580729 0.822685 0.013542 0.032407
0 0.563802 0.839815 0.011979 0.029630
0 0.577865 0.853704 0.011979 0.027778
0 0.593229 0.851389 0.011458 0.036111
0 0.590625 0.885648 0.012500 0.034259
0 0.577604 0.906481 0.012500 0.035185
0 0.574740 0.937500 0.011979 0.028704
0 0.607031 0.880093 0.015104 0.026852
0 0.624219 0.875926 0.016146 0.035185
0 0.597396 0.912037 0.013542 0.031481
0 0.612500 0.910185 0.012500 0.029630
0 0.597917 0.952315 0.013542 0.028704
0 0.615885 0.940278 0.014063 0.030556
0 0.630208 0.921296 0.011458 0.031481
0 0.637760 0.950463 0.011979 0.034259
0 0.640885 0.926852 0.013021 0.024074
0 0.641406 0.887963 0.009896 0.031481
0 0.707031 0.060185 0.011979 0.033333
0 0.654427 0.266204 0.011979 0.032407
0 0.784375 0.050000 0.014583 0.038889
0 0.871875 0.063889 0.014583 0.033333
0 0.867448 0.095833 0.013021 0.037963
0 0.891406 0.100463 0.019271 0.026852
0 0.904687 0.084259 0.018750 0.031481
0 0.931771 0.044444 0.015625 0.027778
0 0.956771 0.043056 0.015625 0.026852
0 0.948438 0.061574 0.016667 0.028704
0 0.991927 0.062037 0.013021 0.033333
0 0.984635 0.087963 0.015104 0.024074
0 0.890365 0.153241 0.018229 0.034259
0 0.915885 0.140741 0.010937 0.038889
0 0.929948 0.147685 0.018229 0.023148
0 0.953646 0.149537 0.015625 0.032407
0 0.969010 0.149074 0.015104 0.031481
0 0.991667 0.143519 0.013542 0.035185
0 0.981510 0.169907 0.011979 0.036111
0 0.885156 0.190278 0.015104 0.026852
0 0.878646 0.218981 0.013542 0.034259
0 0.902604 0.202778 0.016667 0.024074
0 0.912500 0.188426 0.020833 0.025000
0 0.913802 0.217130 0.013021 0.037963
0 0.930990 0.189815 0.013021 0.035185
0 0.948698 0.181481 0.010937 0.033333
0 0.943490 0.212500 0.014063 0.036111
0 0.925521 0.237037 0.013542 0.040741
0 0.952604 0.230093 0.014583 0.028704
0 0.960417 0.242593 0.014583 0.033333
0 0.975000 0.226852 0.012500 0.031481
0 0.977604 0.262037 0.015625 0.031481
0 0.988542 0.293519 0.015625 0.025926
0 0.966146 0.319907 0.015625 0.032407
0 0.975781 0.361111 0.017188 0.027778
0 0.808073 0.363889 0.023438 0.025926
0 0.831510 0.407870 0.018229 0.025000
0 0.646094 0.466667 0.011979 0.037037
0 0.644531 0.495370 0.013021 0.033333
0 0.654948 0.520370 0.019271 0.027778
0 0.665365 0.477315 0.013021 0.039815
0 0.666406 0.511111 0.020313 0.037037
0 0.683073 0.442593 0.011979 0.031481
0 0.697135 0.454167 0.013021 0.030556
0 0.689323 0.522685 0.014063 0.028704
0 0.702344 0.492593 0.016146 0.029630
0 0.709635 0.436111 0.016146 0.027778
0 0.726302 0.455556 0.011979 0.031481
0 0.722135 0.486111 0.011979 0.035185
0 0.741146 0.432407 0.018750 0.018519
0 0.739583 0.458796 0.012500 0.032407
0 0.738281 0.493519 0.019271 0.029630
0 0.761979 0.439352 0.009375 0.030556
0 0.763281 0.462963 0.018229 0.031481
0 0.755469 0.482407 0.013021 0.040741
0 0.783333 0.450000 0.012500 0.035185
0 0.770833 0.497222 0.013542 0.033333
0 0.819792 0.429630 0.013542 0.031481
0 0.838281 0.442130 0.011979 0.032407
0 0.848698 0.437037 0.013021 0.033333
0 0.794271 0.474537 0.015625 0.021296
0 0.784375 0.488426 0.013542 0.030556
0 0.756510 0.544907 0.015104 0.032407
0 0.750521 0.575000 0.015625 0.037037
0 0.771615 0.537037 0.016146 0.037037
0 0.787240 0.517593 0.016146 0.033333
0 0.795833 0.517130 0.015625 0.036111
0 0.816406 0.477315 0.010937 0.030556
0 0.812240 0.500463 0.013021 0.030556
0 0.831510 0.479167 0.015104 0.032407
0 0.823698 0.501389 0.015104 0.034259
0 0.773438 0.583333 0.012500 0.037037
0 0.883333 0.433796 0.018750 0.025000
0 0.858073 0.461111 0.016146 0.029630
0 0.844010 0.498611 0.015104 0.034259
0 0.869531 0.472222 0.011979 0.029630
0 0.889062 0.457407 0.014583 0.029630
0 0.878385 0.490278 0.016146 0.032407
0 0.868750 0.510648 0.015625 0.026852
0 0.857552 0.519907 0.013021 0.032407
0 0.916406 0.478704 0.013021 0.035185
0 0.903906 0.507870 0.013021 0.032407
0 0.921094 0.510648 0.010937 0.039815
0 0.934635 0.504167 0.013021 0.030556
0 0.903125 0.532407 0.013542 0.031481
0 0.877865 0.553241 0.014063 0.034259
0 0.824479 0.556481 0.013542 0.033333
0 0.938542 0.552778 0.013542 0.031481
0 0.892448 0.560185 0.017188 0.024074
0 0.905208 0.568981 0.013542 0.028704
0 0.789844 0.599074 0.015104 0.037037
0 0.775521 0.631019 0.015625 0.032407
0 0.794271 0.637963 0.017708 0.035185
0 0.816146 0.593519 0.017708 0.031481
0 0.810677 0.616204 0.016146 0.032407
0 0.820573 0.628241 0.021354 0.023148
0 0.833854 0.591204 0.018750 0.026852
0 0.840365 0.619907 0.013021 0.037963
0 0.861719 0.563889 0.014063 0.029630
0 0.860156 0.587500 0.016146 0.034259
0 0.863281 0.627315 0.017188 0.030556
0 0.878125 0.602315 0.019792 0.028704
0 0.903125 0.596759 0.015625 0.032407
0 0.947656 0.583796 0.011979 0.039815
0 0.826562 0.661574 0.013542 0.037963
0 0.848437 0.649074 0.013542 0.037037
0 0.884375 0.648611 0.013542 0.043519
0 0.904687 0.636111 0.014583 0.038889
0 0.920573 0.605093 0.014063 0.037963
0 0.950781 0.625463 0.017188 0.028704
0 0.939583 0.660648 0.016667 0.021296
0 0.878906 0.681019 0.016146 0.026852
0 0.864323 0.652778 0.013021 0.038889
0 0.889844 0.668519 0.017188 0.029630
0 0.907292 0.681481 0.016667 0.029630
0 0.960156 0.569907 0.018229 0.034259
0 0.977865 0.587963 0.014063 0.033333
0 0.963542 0.597685 0.010417 0.028704
0 0.978385 0.616667 0.013021 0.022222
0 0.969271 0.637963 0.013542 0.035185
0 0.941146 0.700463 0.015625 0.034259
0 0.836979 0.698611 0.012500 0.034259
0 0.860417 0.699537 0.010417 0.034259
0 0.866406 0.717130 0.014063 0.026852
0 0.892188 0.704167 0.019792 0.025000
0 0.905208 0.706019 0.013542 0.032407
0 0.919010 0.725000 0.015104 0.029630
0 0.938542 0.721759 0.016667 0.034259
0 0.894531 0.747222 0.013021 0.031481
0 0.927344 0.753241 0.019271 0.023148
0 0.931250 0.798611 0.020833 0.026852
0 0.933594 0.815741 0.013021 0.031481
0 0.920573 0.834722 0.026562 0.025000
0 0.919271 0.855556 0.013542 0.029630
0 0.885677 0.901852 0.015104 0.037037
0 0.898698 0.912037 0.014063 0.029630
0 0.900521 0.942130 0.011458 0.039815
0 0.910937 0.922222 0.016667 0.029630
0 0.916146 0.950463 0.013542 0.030556
0 0.922396 0.900000 0.014583 0.025926
0 0.972396 0.829167 0.016667 0.032407
0 0.958333 0.843056 0.022917 0.028704
0 0.961458 0.864815 0.010417 0.031481
0 0.949740 0.871296 0.009896 0.029630
0 0.941406 0.902778 0.018229 0.033333
0 0.980208 0.871759 0.020833 0.026852
0 0.967969 0.893056 0.018229 0.036111
0 0.985938 0.894907 0.015625 0.032407
0 0.930469 0.952315 0.020313 0.032407
0 0.963542 0.918519 0.014583 0.033333
0 0.984115 0.916204 0.015104 0.026852
0 0.985417 0.944444 0.015625 0.025926
0 0.953906 0.956019 0.022396 0.025000
