0 0.040625 0.201852 0.017708 0.014815
0 0.026562 0.154167 0.010417 0.013889
0 0.039062 0.146759 0.012500 0.013889
0 0.020313 0.130093 0.010417 0.006481
0 0.017188 0.136574 0.009375 0.010185
0 0.015885 0.144907 0.011979 0.010185
0 0.030469 0.185648 0.010937 0.015741
0 0.042969 0.175926 0.016146 0.016667
0 0.063281 0.177778 0.015104 0.016667
0 0.043750 0.136574 0.013542 0.017593
0 0.066406 0.159722 0.011979 0.010185
0 0.071094 0.169444 0.014063 0.012963
0 0.053906 0.189815 0.017188 0.012963
0 0.080469 0.177315 0.014063 0.015741
0 0.102604 0.183333 0.014583 0.016667
0 0.113802 0.154630 0.018229 0.012963
0 0.113542 0.184722 0.009375 0.017593
0 0.132552 0.204167 0.014063 0.013889
0 0.142969 0.203704 0.010937 0.018519
0 0.150781 0.200463 0.014063 0.015741
0 0.232813 0.158796 0.015625 0.017593
0 0.181771 0.451389 0.031250 0.025000
0 0.186198 0.433796 0.029687 0.023148
0 0.205729 0.440278 0.027083 0.026852
0 0.222917 0.448611 0.026042 0.026852
0 0.243229 0.400926 0.027083 0.033333
0 0.248698 0.420833 0.035937 0.037963
0 0.258333 0.379630 0.018750 0.020370
0 0.261458 0.356481 0.020833 0.022222
0 0.266146 0.337963 0.021875 0.025926
0 0.286719 0.331944 0.021354 0.021296
0 0.297917 0.311574 0.019792 0.030556
0 0.272135 0.330556 0.016146 0.014815
0 0.277083 0.353704 0.015625 0.029630
0 0.276562 0.365278 0.016667 0.015741
0 0.274219 0.376389 0.019271 0.028704
0 0.287760 0.405093 0.028646 0.049074
0 0.311979 0.329167 0.021875 0.026852
0 0.308073 0.352778 0.017188 0.044444
0 0.307292 0.397222 0.021875 0.051852
0 0.333333 0.331481 0.027083 0.037037
0 0.331250 0.353704 0.020833 0.031481
0 0.342448 0.308333 0.025521 0.033333
0 0.332031 0.394444 0.026562 0.024074
0 0.330990 0.427778 0.030729 0.029630
0 0.324740 0.459259 0.035937 0.040741
0 0.326823 0.500463 0.035937 0.030556
0 0.346094 0.356944 0.021354 0.030556
0 0.368490 0.335185 0.024479 0.035185
0 0.387240 0.198611 0.014063 0.017593
0 0.382552 0.214815 0.010937 0.016667
0 0.375000 0.232407 0.010417 0.024074
0 0.365885 0.233333 0.014063 0.018519
0 0.355729 0.262963 0.014583 0.016667
0 0.368490 0.252315 0.016146 0.019444
0 0.383333 0.272222 0.018750 0.020370
0 0.385417 0.242593 0.013542 0.020370
0 0.402344 0.198611 0.013021 0.021296
0 0.412500 0.212963 0.018750 0.018519
0 0.408594 0.224074 0.016146 0.018519
0 0.392188 0.319444 0.025000 0.025926
0 0.398958 0.303704 0.019792 0.022222
0 0.420052 0.253704 0.013021 0.018519
0 0.433854 0.196759 0.015625 0.019444
0 0.424740 0.208796 0.017188 0.025000
0 0.434896 0.221296 0.012500 0.024074
0 0.443490 0.201389 0.016146 0.023148
0 0.460417 0.197685 0.014583 0.026852
0 0.450781 0.217130 0.017188 0.015741
0 0.447656 0.231019 0.018229 0.017593
0 0.371615 0.382407 0.019271 0.027778
0 0.390885 0.418981 0.030729 0.030556
0 0.413802 0.347222 0.027604 0.044444
0 0.433333 0.360648 0.021875 0.052778
0 0.426823 0.381481 0.020313 0.044444
0 0.436198 0.250463 0.015104 0.021296
0 0.458333 0.274074 0.017708 0.022222
0 0.471354 0.253241 0.021875 0.026852
0 0.470573 0.271759 0.022396 0.026852
0 0.489323 0.257407 0.018229 0.025926
0 0.492188 0.282407 0.021875 0.029630
0 0.435156 0.321296 0.020313 0.035185
0 0.441406 0.308333 0.016146 0.020370
0 0.445833 0.336574 0.021875 0.039815
0 0.463802 0.323148 0.026562 0.025926
0 0.473958 0.340741 0.022917 0.025926
0 0.471354 0.360648 0.027083 0.032407
0 0.472135 0.360185 0.027604 0.031481
0 0.460938 0.395370 0.029167 0.037037
0 0.449479 0.429167 0.027083 0.037963
0 0.486198 0.388889 0.023438 0.044444
0 0.479167 0.234722 0.021875 0.021296
0 0.502344 0.233333 0.017188 0.024074
0 0.519531 0.236111 0.017188 0.024074
0 0.535156 0.233796 0.015104 0.026852
0 0.562760 0.250926 0.020313 0.024074
0 0.530990 0.258333 0.018229 0.022222
0 0.552083 0.270833 0.022917 0.028704
0 0.508594 0.259722 0.017188 0.025000
0 0.529687 0.298148 0.023958 0.029630
0 0.533333 0.276852 0.015625 0.020370
0 0.555729 0.300000 0.026042 0.037037
0 0.495052 0.346296 0.019271 0.027778
0 0.508333 0.312963 0.016667 0.020370
0 0.521615 0.348148 0.030729 0.024074
0 0.524479 0.337963 0.020833 0.024074
0 0.541406 0.333333 0.022396 0.025926
0 0.579427 0.316667 0.021354 0.025926
0 0.573958 0.330093 0.019792 0.028704
0 0.571094 0.348148 0.019271 0.027778
0 0.577865 0.363889 0.016146 0.024074
0 0.548177 0.360648 0.027604 0.032407
0 0.523958 0.364815 0.022917 0.027778
0 0.535677 0.421296 0.029687 0.027778
0 0.562500 0.413426 0.026042 0.034259
0 0.509115 0.439815 0.029687 0.027778
0 0.073177 0.707407 0.046354 0.083333
0 0.022656 0.707870 0.044271 0.060185
0 0.024219 0.752778 0.033854 0.068519
0 0.024479 0.793056 0.047917 0.049074
0 0.292448 0.676389 0.040104 0.049074
0 0.362240 0.514352 0.036979 0.052778
0 0.376042 0.524074 0.022917 0.057407
0 0.361458 0.663426 0.053125 0.036111
0 0.351823 0.646296 0.041146 0.027778
0 0.384896 0.627778 0.033333 0.024074
0 0.401042 0.636574 0.048958 0.047222
0 0.388281 0.569444 0.027604 0.037037
0 0.408333 0.543519 0.039583 0.037037
0 0.471354 0.466667 0.030208 0.046296
0 0.499219 0.500463 0.028646 0.032407
0 0.533333 0.527315 0.044792 0.032407
0 0.510938 0.537963 0.030208 0.042593
0 0.488802 0.556481 0.030729 0.046296
0 0.472396 0.518056 0.031250 0.036111
0 0.446094 0.594907 0.045312 0.073148
0 0.427865 0.667593 0.050521 0.040741
0 0.507812 0.603704 0.040625 0.048148
0 0.536979 0.451852 0.029167 0.033333
0 0.496615 0.641667 0.057813 0.038889
0 0.507552 0.686574 0.028646 0.097222
0 0.569792 0.499074 0.036458 0.038889
0 0.574219 0.474074 0.017188 0.038889
0 0.584375 0.467593 0.023958 0.037037
0 0.589323 0.450463 0.027604 0.030556
0 0.547917 0.573611 0.039583 0.039815
0 0.544531 0.553241 0.021354 0.043519
0 0.595313 0.578704 0.035417 0.037037
0 0.543490 0.619907 0.030729 0.039815
0 0.534375 0.676852 0.036458 0.062963
0 0.556771 0.659259 0.046875 0.042593
0 0.526042 0.768056 0.055208 0.062037
0 0.581510 0.666204 0.035937 0.041667
0 0.586198 0.637037 0.026562 0.037037
0 0.616406 0.602778 0.025521 0.061111
0 0.614583 0.641667 0.035417 0.035185
0 0.640885 0.655093 0.044271 0.050926
0 0.606250 0.677778 0.033333 0.079630
0 0.595833 0.717593 0.050000 0.057407
0 0.657813 0.677315 0.038542 0.058333
0 0.650000 0.732407 0.057292 0.048148
0 0.649219 0.774537 0.069271 0.045370
0 0.683333 0.731481 0.048958 0.031481
0 0.579167 0.808796 0.062500 0.058333
0 0.436979 0.794907 0.055208 0.065741
0 0.402344 0.878241 0.056771 0.067593
0 0.453646 0.890278 0.062500 0.058333
0 0.506510 0.899074 0.054688 0.083333
0 0.544271 0.938889 0.064583 0.057407
0 0.585677 0.918056 0.072396 0.065741
0 0.652083 0.842130 0.044792 0.063889
0 0.646615 0.931944 0.039062 0.075000
0 0.709896 0.781019 0.038542 0.076852
0 0.753125 0.790278 0.047917 0.060185
0 0.716406 0.845370 0.038021 0.062963
0 0.736719 0.900000 0.070312 0.100000
0 0.765365 0.837500 0.044271 0.052778
0 0.815104 0.806019 0.071875 0.063889
0 0.801302 0.876389 0.047396 0.097222
0 0.826823 0.869907 0.053646 0.047222
0 0.604688 0.318981 0.021875 0.021296
0 0.598698 0.337963 0.022396 0.027778
0 0.617969 0.335185 0.020313 0.025926
0 0.630729 0.323611 0.019792 0.023148
0 0.644010 0.331019 0.021354 0.032407
0 0.653646 0.316204 0.016667 0.021296
0 0.667448 0.322685 0.011979 0.026852
0 0.625260 0.431944 0.025521 0.025000
0 0.658073 0.420833 0.020313 0.037963
0 0.691146 0.340278 0.021875 0.041667
0 0.701562 0.328241 0.018750 0.032407
0 0.711458 0.373148 0.035417 0.066667
0 0.744531 0.430093 0.035937 0.069444
0 0.784115 0.350926 0.022396 0.033333
0 0.767448 0.353704 0.024479 0.044444
0 0.734375 0.350926 0.030208 0.027778
0 0.877083 0.237500 0.028125 0.045370
0 0.924479 0.190741 0.023958 0.033333
0 0.958073 0.199537 0.027604 0.041667
