0 0.173958 0.185648 0.014583 0.013889
0 0.105990 0.208333 0.015104 0.012963
0 0.056510 0.198611 0.016146 0.013889
0 0.151042 0.171759 0.013542 0.012037
0 0.098698 0.173148 0.010937 0.020370
0 0.092448 0.224537 0.017188 0.019444
0 0.032552 0.200000 0.013021 0.022222
0 0.126562 0.168519 0.013542 0.020370
0 0.095312 0.553241 0.043750 0.030556
0 0.109635 0.528241 0.036979 0.026852
0 0.130990 0.538426 0.034896 0.030556
0 0.147656 0.567130 0.041146 0.030556
0 0.175781 0.500926 0.041146 0.033333
0 0.171875 0.541204 0.032292 0.045370
0 0.183594 0.469444 0.025521 0.022222
0 0.259896 0.360648 0.022917 0.028704
0 0.228906 0.386111 0.019271 0.018519
0 0.219010 0.393981 0.029687 0.026852
0 0.242188 0.388889 0.029167 0.025926
0 0.212500 0.424074 0.028125 0.027778
0 0.229427 0.414815 0.017188 0.027778
0 0.225781 0.431481 0.022396 0.024074
0 0.202604 0.451852 0.021875 0.027778
0 0.220312 0.455093 0.025000 0.032407
0 0.234635 0.453241 0.019271 0.026852
0 0.207292 0.500463 0.025000 0.028704
0 0.210677 0.531481 0.043229 0.050000
0 0.234115 0.516667 0.043229 0.040741
0 0.253125 0.442593 0.020833 0.046296
0 0.272396 0.389352 0.027083 0.032407
0 0.299219 0.363889 0.022396 0.024074
0 0.291406 0.392130 0.021354 0.025000
0 0.281771 0.411111 0.026042 0.037037
0 0.276562 0.439352 0.015625 0.034259
0 0.275260 0.502315 0.036979 0.034259
0 0.265625 0.479630 0.036458 0.042593
0 0.269531 0.548611 0.038021 0.041667
0 0.294531 0.441667 0.028646 0.033333
0 0.322135 0.413889 0.028646 0.042593
0 0.331771 0.401852 0.029167 0.033333
0 0.363281 0.373611 0.022396 0.043519
0 0.354948 0.402778 0.034896 0.040741
0 0.372135 0.444444 0.044271 0.081481
0 0.319010 0.455093 0.026562 0.045370
0 0.319010 0.491667 0.024479 0.051852
0 0.344792 0.543981 0.051042 0.050926
0 0.260156 0.593519 0.039062 0.050000
0 0.261719 0.658333 0.049479 0.044444
0 0.293750 0.686111 0.033333 0.055556
0 0.313281 0.690278 0.033854 0.089815
0 0.362760 0.717593 0.046354 0.044444
0 0.330990 0.757870 0.031771 0.071296
0 0.260677 0.868981 0.040104 0.062037
0 0.252344 0.909722 0.067187 0.047222
0 0.264062 0.940278 0.069792 0.058333
0 0.320052 0.900463 0.068229 0.050926
0 0.323437 0.931019 0.068750 0.076852
0 0.385417 0.907407 0.070833 0.101852
0 0.333594 0.823611 0.068229 0.049074
0 0.404427 0.807870 0.046354 0.063889
0 0.432292 0.829630 0.053125 0.051852
0 0.436198 0.886574 0.052604 0.049074
0 0.488021 0.825000 0.052083 0.048148
0 0.486198 0.876389 0.044271 0.082407
0 0.475000 0.949074 0.065625 0.038889
0 0.527344 0.931019 0.070312 0.063889
0 0.542448 0.867130 0.042188 0.080556
0 0.640885 0.826389 0.039062 0.086111
0 0.603906 0.908796 0.044271 0.063889
0 0.598177 0.946759 0.055729 0.043519
0 0.636979 0.898611 0.053125 0.058333
0 0.676042 0.891667 0.045833 0.064815
0 0.660937 0.951852 0.067708 0.033333
0 0.607031 0.765741 0.046354 0.051852
0 0.542188 0.775926 0.068750 0.040741
0 0.465104 0.744907 0.033333 0.058333
0 0.498437 0.714815 0.032292 0.066667
0 0.527083 0.687037 0.057292 0.037037
0 0.540365 0.723148 0.031771 0.085185
0 0.445833 0.682407 0.042708 0.046296
0 0.449219 0.613889 0.035937 0.059259
0 0.419792 0.559259 0.037500 0.051852
0 0.433854 0.513426 0.039583 0.052778
0 0.443750 0.499074 0.030208 0.050000
0 0.468229 0.505093 0.028125 0.062037
0 0.495833 0.572222 0.041667 0.038889
0 0.483073 0.660185 0.038021 0.038889
0 0.571094 0.638426 0.054688 0.050926
0 0.532031 0.535648 0.042188 0.041667
0 0.563802 0.516204 0.031771 0.056481
0 0.578125 0.604167 0.025000 0.052778
0 0.591406 0.588889 0.025521 0.051852
0 0.598698 0.553704 0.039062 0.038889
0 0.391927 0.493519 0.028646 0.055556
0 0.398698 0.456481 0.031771 0.064815
0 0.334115 0.292130 0.016146 0.015741
0 0.345052 0.254630 0.013021 0.020370
0 0.346875 0.284259 0.018750 0.018519
0 0.380208 0.370833 0.038542 0.073148
0 0.388802 0.339352 0.023438 0.037963
0 0.361719 0.303241 0.020313 0.023148
0 0.366146 0.274074 0.014583 0.022222
0 0.354948 0.258333 0.011979 0.027778
0 0.364323 0.239352 0.017188 0.021296
0 0.369792 0.220833 0.017708 0.017593
0 0.386198 0.219444 0.013021 0.022222
0 0.396875 0.238426 0.022917 0.025000
0 0.409115 0.227778 0.018229 0.025926
0 0.415885 0.211574 0.016146 0.017593
0 0.431771 0.225926 0.017708 0.029630
0 0.385156 0.315741 0.021354 0.024074
0 0.406510 0.288426 0.018229 0.026852
0 0.421615 0.281481 0.016146 0.025926
0 0.435156 0.263426 0.017188 0.026852
0 0.448958 0.265741 0.017708 0.025926
0 0.448698 0.235185 0.015104 0.025926
0 0.451302 0.220370 0.018229 0.020370
0 0.475000 0.237963 0.016667 0.016667
0 0.467187 0.268981 0.020833 0.026852
0 0.443490 0.316204 0.022396 0.025000
0 0.460677 0.293981 0.025521 0.023148
0 0.444010 0.293519 0.016146 0.027778
0 0.407813 0.392130 0.023958 0.047222
0 0.423177 0.360648 0.028646 0.045370
0 0.443490 0.357870 0.019271 0.026852
0 0.449740 0.377778 0.038021 0.029630
0 0.448698 0.403704 0.043229 0.044444
0 0.420833 0.424074 0.026042 0.055556
0 0.456250 0.428704 0.030208 0.035185
0 0.450000 0.454167 0.037500 0.037963
0 0.496354 0.241204 0.013542 0.023148
0 0.495833 0.258796 0.015625 0.025000
0 0.509635 0.252778 0.020313 0.022222
0 0.479167 0.300000 0.019792 0.029630
0 0.485677 0.287500 0.017188 0.023148
0 0.501823 0.300000 0.016146 0.027778
0 0.516146 0.273148 0.014583 0.031481
0 0.532292 0.270370 0.015625 0.031481
0 0.522917 0.280093 0.017708 0.017593
0 0.533854 0.285185 0.018750 0.022222
0 0.528125 0.299537 0.022917 0.025000
0 0.500781 0.364815 0.020313 0.027778
0 0.524740 0.344444 0.023438 0.027778
0 0.532813 0.319907 0.015625 0.030556
0 0.565365 0.288426 0.019271 0.023148
0 0.553906 0.314352 0.022396 0.032407
0 0.590104 0.306944 0.016667 0.019444
0 0.579948 0.311574 0.021354 0.028704
0 0.552604 0.350926 0.023958 0.025926
0 0.543490 0.372685 0.025521 0.034259
0 0.509375 0.387037 0.021875 0.025926
0 0.495312 0.406944 0.027083 0.030556
0 0.485677 0.429167 0.036979 0.026852
0 0.482812 0.473611 0.027083 0.069444
0 0.515365 0.449074 0.030729 0.038889
0 0.517188 0.407870 0.022917 0.032407
0 0.537760 0.404630 0.025521 0.033333
0 0.543229 0.437037 0.027083 0.042593
0 0.587240 0.365278 0.026562 0.030556
0 0.578906 0.384259 0.024479 0.031481
0 0.573698 0.403241 0.021354 0.030556
0 0.583073 0.426389 0.021354 0.028704
0 0.612240 0.370370 0.025521 0.025926
0 0.607031 0.395370 0.031771 0.033333
0 0.630990 0.393981 0.025521 0.036111
0 0.647656 0.386574 0.021354 0.039815
0 0.667708 0.370833 0.026042 0.034259
0 0.660156 0.390278 0.018229 0.037963
0 0.686458 0.371296 0.017708 0.035185
0 0.696354 0.387963 0.019792 0.037037
0 0.726302 0.399537 0.035937 0.036111
0 0.729427 0.387037 0.021354 0.033333
0 0.725521 0.421759 0.019792 0.043519
0 0.637240 0.525463 0.028646 0.025000
0 0.628646 0.537037 0.032292 0.020370
0 0.636979 0.553704 0.025000 0.037037
0 0.661719 0.536111 0.024479 0.037037
0 0.675260 0.509259 0.021354 0.025926
0 0.689583 0.526852 0.027083 0.033333
0 0.713021 0.502778 0.025000 0.031481
0 0.750260 0.480093 0.047396 0.087963
0 0.809115 0.575463 0.047396 0.091667
0 0.833073 0.421296 0.026562 0.033333
0 0.817187 0.425000 0.028125 0.050000
0 0.779687 0.428241 0.031250 0.039815
0 0.930208 0.279630 0.030208 0.066667
