0 0.031250 0.137963 0.014583 0.022222
0 0.009896 0.214352 0.018750 0.021296
0 0.064583 0.223148 0.011458 0.020370
0 0.058333 0.246296 0.015625 0.016667
0 0.070312 0.239815 0.016667 0.014815
0 0.122656 0.146296 0.009896 0.022222
0 0.092448 0.177315 0.017188 0.023148
0 0.095052 0.158796 0.014063 0.015741
0 0.062500 0.183796 0.009375 0.026852
0 0.117708 0.194444 0.012500 0.020370
0 0.021094 0.628704 0.041146 0.050000
0 0.030990 0.650926 0.046354 0.031481
0 0.069271 0.631019 0.040625 0.060185
0 0.217969 0.403704 0.036979 0.037037
0 0.201823 0.415278 0.023438 0.030556
0 0.197917 0.433796 0.029167 0.026852
0 0.159375 0.460185 0.041667 0.038889
0 0.175781 0.443519 0.028646 0.022222
0 0.189583 0.450463 0.036458 0.034259
0 0.218229 0.450000 0.022917 0.037037
0 0.245312 0.449537 0.028125 0.041667
0 0.150521 0.490278 0.032292 0.030556
0 0.171615 0.479630 0.022396 0.042593
0 0.164583 0.506019 0.040625 0.032407
0 0.110937 0.549074 0.028125 0.027778
0 0.134115 0.532870 0.031771 0.036111
0 0.151823 0.542130 0.043229 0.039815
0 0.203385 0.511111 0.038021 0.048148
0 0.216146 0.553704 0.052083 0.046296
0 0.110417 0.630556 0.042708 0.042593
0 0.141406 0.578704 0.028646 0.048148
0 0.260156 0.510648 0.044271 0.049074
0 0.237760 0.515741 0.036979 0.035185
0 0.237760 0.554630 0.036979 0.051852
0 0.183073 0.609722 0.054688 0.045370
0 0.191146 0.639352 0.059375 0.045370
0 0.140104 0.661574 0.044792 0.056481
0 0.240885 0.636574 0.031771 0.063889
0 0.191406 0.642593 0.057813 0.048148
0 0.108073 0.575000 0.040104 0.037037
0 0.023958 0.703241 0.043750 0.054630
0 0.054688 0.688889 0.048958 0.055556
0 0.176302 0.712963 0.050521 0.051852
0 0.158333 0.778704 0.059375 0.064815
0 0.152083 0.866667 0.063542 0.070370
0 0.204687 0.929630 0.063542 0.077778
0 0.268750 0.716204 0.064583 0.065741
0 0.321875 0.281481 0.015625 0.018519
0 0.330990 0.285648 0.011979 0.025000
0 0.307292 0.320833 0.016667 0.019444
0 0.320052 0.316204 0.019271 0.025000
0 0.341927 0.301852 0.014063 0.024074
0 0.337760 0.336111 0.025521 0.024074
0 0.363542 0.348148 0.020833 0.027778
0 0.348958 0.238889 0.016667 0.018519
0 0.353385 0.255556 0.020313 0.020370
0 0.371875 0.238426 0.020833 0.023148
0 0.377344 0.260185 0.024479 0.025926
0 0.372135 0.273148 0.020313 0.025926
0 0.390365 0.247222 0.019271 0.027778
0 0.403906 0.242593 0.024479 0.022222
0 0.385156 0.318981 0.022396 0.026852
0 0.404687 0.311574 0.017708 0.026852
0 0.418229 0.285185 0.021875 0.025926
0 0.436458 0.242130 0.019792 0.021296
0 0.435677 0.254167 0.018229 0.021296
0 0.440104 0.272222 0.021875 0.024074
0 0.434896 0.293056 0.019792 0.025000
0 0.466927 0.266204 0.019271 0.034259
0 0.457292 0.303241 0.028125 0.034259
0 0.420833 0.325463 0.017708 0.026852
0 0.440885 0.333796 0.026562 0.023148
0 0.422917 0.358333 0.022917 0.025926
0 0.441927 0.357407 0.025521 0.035185
0 0.464062 0.339352 0.023958 0.032407
0 0.489323 0.286111 0.021354 0.025926
0 0.476823 0.300926 0.019271 0.024074
0 0.502604 0.277778 0.018750 0.020370
0 0.508854 0.308796 0.019792 0.030556
0 0.525781 0.306944 0.020313 0.025000
0 0.528125 0.319444 0.023958 0.025926
0 0.523698 0.340741 0.029687 0.025926
0 0.492188 0.339815 0.021875 0.027778
0 0.404687 0.268981 0.019792 0.019444
0 0.517188 0.394907 0.025000 0.026852
0 0.525781 0.366667 0.018229 0.029630
0 0.469271 0.367130 0.027083 0.030556
0 0.271094 0.394907 0.026562 0.028704
0 0.267969 0.415741 0.034896 0.038889
0 0.280469 0.484722 0.040104 0.034259
0 0.282031 0.467593 0.026562 0.020370
0 0.292969 0.525926 0.047396 0.081481
0 0.323437 0.467593 0.037500 0.083333
0 0.337240 0.420370 0.031771 0.059259
0 0.344531 0.465278 0.028646 0.041667
0 0.310937 0.589352 0.039583 0.117593
0 0.332292 0.639815 0.037500 0.087037
0 0.347917 0.582407 0.040625 0.083333
0 0.367448 0.489352 0.043229 0.030556
0 0.375781 0.444444 0.021354 0.027778
0 0.378385 0.465741 0.024479 0.037037
0 0.394531 0.430556 0.028646 0.038889
0 0.411719 0.416667 0.021354 0.040741
0 0.424740 0.439815 0.029687 0.059259
0 0.414583 0.466204 0.041667 0.034259
0 0.413021 0.502315 0.048958 0.039815
0 0.374479 0.534259 0.030208 0.062963
0 0.413021 0.586111 0.050000 0.046296
0 0.388802 0.664815 0.045312 0.064815
0 0.420573 0.537963 0.040104 0.044444
0 0.468490 0.417593 0.033854 0.040741
0 0.459896 0.541667 0.039583 0.046296
0 0.456510 0.571759 0.035937 0.045370
0 0.457552 0.611574 0.030729 0.052778
0 0.431250 0.654630 0.026042 0.085185
0 0.365625 0.740278 0.046875 0.075000
0 0.406250 0.813889 0.048958 0.087037
0 0.396094 0.928704 0.054688 0.087037
0 0.449740 0.895370 0.050521 0.061111
0 0.509896 0.925926 0.076042 0.062963
0 0.463281 0.946296 0.034896 0.048148
0 0.472917 0.750463 0.052083 0.047222
0 0.519010 0.686574 0.049479 0.045370
0 0.521615 0.761574 0.050521 0.050926
0 0.456771 0.475463 0.030208 0.026852
0 0.458854 0.490278 0.033333 0.023148
0 0.475260 0.476389 0.033854 0.023148
0 0.499219 0.459259 0.024479 0.033333
0 0.514323 0.458333 0.025521 0.029630
0 0.502083 0.494444 0.036458 0.033333
0 0.499219 0.519907 0.050521 0.036111
0 0.535937 0.533333 0.039583 0.048148
0 0.503385 0.553704 0.033854 0.046296
0 0.561719 0.325463 0.028646 0.023148
0 0.579167 0.319444 0.027083 0.031481
0 0.551042 0.356019 0.027083 0.034259
0 0.591927 0.344907 0.020313 0.026852
0 0.578906 0.354167 0.018229 0.026852
0 0.549479 0.398611 0.028125 0.028704
0 0.534375 0.430093 0.019792 0.036111
0 0.545052 0.456944 0.028646 0.028704
0 0.526302 0.462963 0.017188 0.022222
0 0.526823 0.481944 0.025521 0.028704
0 0.547917 0.480556 0.028125 0.031481
0 0.586198 0.419907 0.026562 0.030556
0 0.578646 0.437037 0.023958 0.031481
0 0.575000 0.476389 0.029167 0.030556
0 0.593750 0.469907 0.027083 0.056481
0 0.585156 0.495370 0.023438 0.029630
0 0.619010 0.425463 0.033854 0.026852
0 0.609635 0.451852 0.028646 0.033333
0 0.640885 0.448611 0.026562 0.025000
0 0.655208 0.437500 0.020833 0.028704
0 0.666927 0.433796 0.014063 0.021296
0 0.672135 0.456481 0.024479 0.033333
0 0.680729 0.423148 0.019792 0.033333
0 0.702083 0.429167 0.020833 0.032407
0 0.698958 0.446759 0.017708 0.036111
0 0.716406 0.436574 0.016146 0.023148
0 0.710677 0.458333 0.018229 0.033333
0 0.758073 0.454630 0.031771 0.033333
0 0.755469 0.475463 0.040104 0.037963
0 0.755990 0.513889 0.017188 0.062963
0 0.780469 0.498611 0.029687 0.034259
0 0.796354 0.515278 0.026042 0.045370
0 0.813802 0.479167 0.032813 0.023148
0 0.825000 0.509722 0.041667 0.043519
0 0.838542 0.491667 0.033333 0.027778
0 0.871354 0.510185 0.038542 0.053704
0 0.810417 0.624074 0.066667 0.101852
0 0.896354 0.787037 0.071875 0.116667
0 0.550260 0.631481 0.052604 0.048148
0 0.564323 0.653704 0.031771 0.064815
0 0.603646 0.684259 0.053125 0.059259
0 0.591406 0.748611 0.044271 0.054630
0 0.580469 0.783796 0.030729 0.071296
0 0.564323 0.832870 0.057813 0.036111
0 0.572396 0.856944 0.036458 0.023148
0 0.655208 0.631944 0.040625 0.037963
0 0.646094 0.654167 0.038021 0.030556
0 0.648177 0.688426 0.041146 0.062037
0 0.679427 0.656481 0.029687 0.046296
0 0.700260 0.620370 0.028646 0.051852
0 0.713281 0.642593 0.028646 0.037037
0 0.745052 0.617593 0.028646 0.048148
