0 0.007031 0.144907 0.013021 0.032407
0 0.026562 0.176852 0.015625 0.014815
0 0.016927 0.187963 0.016146 0.016667
0 0.010937 0.208333 0.013542 0.016667
0 0.008333 0.219444 0.015625 0.018519
0 0.006771 0.233333 0.012500 0.018519
0 0.019531 0.232870 0.010937 0.013889
0 0.021094 0.222685 0.009896 0.017593
0 0.029948 0.220370 0.013021 0.018519
0 0.035417 0.196296 0.010417 0.018519
0 0.027344 0.198148 0.011979 0.016667
0 0.043750 0.219444 0.019792 0.012963
0 0.044010 0.227778 0.014063 0.011111
0 0.043490 0.208796 0.016146 0.012037
0 0.046875 0.192593 0.015625 0.012963
0 0.049740 0.174074 0.013021 0.014815
0 0.060677 0.168981 0.009896 0.015741
0 0.065625 0.191204 0.016667 0.015741
0 0.060417 0.211574 0.012500 0.015741
0 0.081510 0.192130 0.011979 0.021296
0 0.071094 0.167130 0.009896 0.013889
0 0.075781 0.158333 0.014063 0.020370
0 0.098698 0.190278 0.019271 0.019444
0 0.091406 0.208333 0.016146 0.024074
0 0.116927 0.180556 0.010937 0.012963
0 0.119531 0.192593 0.014063 0.020370
0 0.109635 0.204630 0.019271 0.025926
0 0.133594 0.205093 0.011979 0.023148
0 0.143490 0.198611 0.015104 0.015741
0 0.157031 0.197222 0.011979 0.022222
0 0.038281 0.256019 0.022396 0.023148
0 0.164844 0.467130 0.019271 0.026852
0 0.158594 0.491204 0.029687 0.026852
0 0.130208 0.508333 0.027083 0.025926
0 0.145573 0.516204 0.035937 0.034259
0 0.109635 0.523611 0.047396 0.034259
0 0.098958 0.565741 0.038542 0.029630
0 0.126562 0.560185 0.020833 0.042593
0 0.110677 0.578241 0.042188 0.063889
0 0.067187 0.626852 0.036458 0.038889
0 0.051302 0.643056 0.031771 0.034259
0 0.046094 0.679630 0.040104 0.040741
0 0.036458 0.707870 0.032292 0.039815
0 0.149219 0.594907 0.040104 0.041667
0 0.136458 0.644907 0.054167 0.069444
0 0.114062 0.628704 0.032292 0.048148
0 0.090625 0.643056 0.035417 0.052778
0 0.103125 0.671759 0.035417 0.082407
0 0.027865 0.759259 0.054688 0.048148
0 0.017969 0.811111 0.034896 0.062963
0 0.031771 0.865278 0.055208 0.087963
0 0.056510 0.808796 0.040104 0.113889
0 0.067187 0.752315 0.033333 0.052778
0 0.083594 0.721296 0.034896 0.050000
0 0.098177 0.778704 0.061979 0.077778
0 0.103125 0.833333 0.078125 0.062963
0 0.164844 0.842593 0.049479 0.090741
0 0.182292 0.953704 0.066667 0.031481
0 0.164583 0.762037 0.051042 0.098148
0 0.158333 0.701389 0.041667 0.052778
0 0.134635 0.682407 0.032813 0.050000
0 0.200521 0.632870 0.050000 0.050926
0 0.176042 0.515278 0.030208 0.041667
0 0.183073 0.457407 0.025521 0.038889
0 0.243490 0.442593 0.031771 0.031481
0 0.238281 0.475926 0.040104 0.061111
0 0.210938 0.515741 0.031250 0.033333
0 0.208594 0.572222 0.040104 0.050000
0 0.238542 0.559259 0.026042 0.042593
0 0.256510 0.772222 0.053646 0.146296
0 0.273698 0.857407 0.040104 0.124074
0 0.264844 0.476389 0.025521 0.037963
0 0.283854 0.470370 0.025000 0.033333
0 0.292969 0.539352 0.045312 0.076852
0 0.276042 0.597685 0.063542 0.121296
0 0.339323 0.511111 0.029687 0.035185
0 0.348438 0.564352 0.034375 0.049074
0 0.317708 0.570370 0.041667 0.062963
0 0.329948 0.606481 0.057813 0.053704
0 0.341927 0.696759 0.045312 0.093519
0 0.301302 0.770370 0.051562 0.120370
0 0.373698 0.530556 0.043229 0.062963
0 0.351302 0.526852 0.025521 0.035185
0 0.340625 0.511574 0.028125 0.045370
0 0.387760 0.495833 0.022396 0.036111
0 0.408854 0.473611 0.019792 0.050926
0 0.397135 0.467593 0.022396 0.035185
0 0.370312 0.494907 0.019792 0.039815
0 0.391927 0.549537 0.034896 0.047222
0 0.395313 0.577315 0.062500 0.045370
0 0.421094 0.552315 0.025521 0.037963
0 0.414062 0.520370 0.033333 0.053704
0 0.441927 0.503704 0.019271 0.037037
0 0.466406 0.481481 0.038021 0.035185
0 0.490625 0.483333 0.020833 0.033333
0 0.465104 0.575463 0.047917 0.034259
0 0.441406 0.579167 0.043229 0.039815
0 0.447396 0.607407 0.044792 0.038889
0 0.478906 0.603241 0.045312 0.045370
0 0.390625 0.636574 0.065625 0.058333
0 0.395573 0.691667 0.059896 0.059259
0 0.448698 0.684722 0.057813 0.050926
0 0.377083 0.767130 0.080208 0.071296
0 0.449479 0.732407 0.048958 0.075926
0 0.438802 0.798611 0.041146 0.100926
0 0.405729 0.875926 0.041667 0.140741
0 0.354427 0.908796 0.053646 0.106481
0 0.491406 0.547685 0.048438 0.039815
0 0.508854 0.516667 0.020833 0.031481
0 0.507292 0.588889 0.034375 0.055556
0 0.497656 0.637037 0.066146 0.053704
0 0.501563 0.706481 0.042708 0.068519
0 0.516146 0.678704 0.050000 0.044444
0 0.539323 0.492130 0.024479 0.039815
0 0.552344 0.528241 0.030729 0.037963
0 0.516927 0.532870 0.029687 0.036111
0 0.530990 0.577315 0.042188 0.041667
0 0.535417 0.555093 0.025000 0.028704
0 0.559375 0.561111 0.028125 0.037037
0 0.546354 0.625463 0.044792 0.058333
0 0.289583 0.350926 0.015625 0.018519
0 0.303906 0.347685 0.019271 0.021296
0 0.322396 0.371759 0.027083 0.023148
0 0.303646 0.310648 0.016667 0.017593
0 0.316146 0.312963 0.011458 0.033333
0 0.329688 0.331944 0.017708 0.025000
0 0.331771 0.285185 0.015625 0.022222
0 0.335938 0.259259 0.019792 0.024074
0 0.344792 0.276389 0.017708 0.023148
0 0.361979 0.263426 0.027083 0.025000
0 0.365625 0.288426 0.023958 0.030556
0 0.359635 0.305556 0.018229 0.031481
0 0.350521 0.387037 0.023958 0.038889
0 0.376042 0.350463 0.017708 0.021296
0 0.389062 0.251852 0.015625 0.020370
0 0.394792 0.264352 0.023958 0.019444
0 0.382031 0.275463 0.019271 0.030556
0 0.396354 0.295833 0.017708 0.032407
0 0.406771 0.250463 0.009375 0.015741
0 0.409375 0.262500 0.019792 0.021296
0 0.412240 0.277315 0.017188 0.026852
0 0.434375 0.260648 0.018750 0.025000
0 0.428906 0.280093 0.019271 0.030556
0 0.417448 0.294907 0.020313 0.025000
0 0.412500 0.316667 0.025000 0.033333
0 0.394531 0.343056 0.018229 0.021296
0 0.409375 0.350926 0.016667 0.022222
0 0.412500 0.372685 0.015625 0.028704
0 0.413021 0.406944 0.020833 0.023148
0 0.427604 0.360185 0.016667 0.031481
0 0.430729 0.324537 0.014583 0.030556
0 0.453385 0.324074 0.024479 0.027778
0 0.440625 0.275463 0.018750 0.019444
0 0.439323 0.299537 0.016146 0.019444
0 0.462760 0.285648 0.014063 0.019444
0 0.472656 0.281481 0.017188 0.018519
0 0.464323 0.298148 0.017188 0.022222
0 0.485938 0.285185 0.010417 0.016667
0 0.495052 0.284259 0.011979 0.020370
0 0.504687 0.306019 0.014583 0.021296
0 0.485156 0.313426 0.016146 0.021296
0 0.476562 0.330556 0.025000 0.024074
0 0.448437 0.349537 0.027083 0.039815
0 0.468490 0.369444 0.016146 0.027778
0 0.460156 0.383333 0.024479 0.029630
0 0.434896 0.377778 0.029167 0.025926
0 0.433854 0.409722 0.027083 0.030556
0 0.465104 0.417593 0.029167 0.029630
0 0.490625 0.384259 0.021875 0.035185
0 0.509375 0.350463 0.018750 0.041667
0 0.531250 0.343519 0.017708 0.035185
0 0.527604 0.361111 0.018750 0.029630
0 0.528906 0.383796 0.028646 0.023148
0 0.543229 0.371296 0.019792 0.025926
0 0.567448 0.370370 0.029687 0.024074
0 0.586979 0.363426 0.031250 0.026852
0 0.557552 0.405093 0.030729 0.032407
0 0.530208 0.418056 0.016667 0.026852
0 0.587500 0.402315 0.027083 0.028704
0 0.604948 0.392593 0.026562 0.025926
0 0.519531 0.447685 0.027604 0.032407
0 0.555990 0.451852 0.028646 0.037037
0 0.595573 0.479167 0.038021 0.032407
0 0.589583 0.500926 0.031250 0.031481
0 0.586198 0.551389 0.031771 0.023148
0 0.580469 0.530556 0.019271 0.025926
0 0.633854 0.488426 0.038542 0.032407
0 0.624479 0.518519 0.033333 0.044444
0 0.612760 0.545833 0.035937 0.063889
0 0.596094 0.579167 0.028646 0.028704
0 0.443490 0.805093 0.041146 0.095370
0 0.527865 0.900926 0.057813 0.074074
0 0.563281 0.789815 0.059896 0.061111
0 0.583333 0.848148 0.034375 0.094444
0 0.633854 0.845833 0.050000 0.062037
0 0.622656 0.923611 0.041146 0.087963
0 0.680469 0.768981 0.049479 0.045370
0 0.675000 0.808796 0.042708 0.045370
0 0.686198 0.851852 0.043229 0.083333
0 0.719010 0.799537 0.030729 0.052778
0 0.743490 0.754167 0.025521 0.047222
0 0.761198 0.790741 0.041146 0.053704
0 0.800000 0.759259 0.036458 0.081481
0 0.669271 0.470833 0.022917 0.036111
0 0.663021 0.515741 0.030208 0.035185
0 0.666146 0.500000 0.018750 0.027778
0 0.682031 0.505556 0.021354 0.044444
0 0.693490 0.500463 0.018229 0.026852
0 0.700781 0.526852 0.029687 0.048148
0 0.709635 0.483796 0.026562 0.036111
0 0.733594 0.494907 0.024479 0.043519
0 0.755990 0.500926 0.039062 0.033333
0 0.751563 0.526389 0.036458 0.036111
0 0.796615 0.522222 0.021354 0.027778
0 0.808594 0.546296 0.027604 0.038889
0 0.802083 0.571296 0.052083 0.055556
0 0.862760 0.547222 0.026562 0.031481
0 0.842187 0.566204 0.035417 0.054630
0 0.808333 0.629167 0.022917 0.065741
0 0.844271 0.606944 0.039583 0.036111
0 0.852344 0.634259 0.028646 0.055556
0 0.890104 0.631944 0.051042 0.089815
0 0.902865 0.588889 0.039062 0.037037
0 0.948438 0.618056 0.060417 0.076852
0 0.906771 0.844907 0.105208 0.160185
