0 0.007096 0.145602 0.013932 0.031019
0 0.003255 0.201968 0.006250 0.010880
0 0.007943 0.204977 0.007292 0.011806
0 0.008398 0.218750 0.016536 0.020370
0 0.005859 0.231134 0.011458 0.018287
0 0.005729 0.238889 0.011198 0.014815
0 0.017578 0.187153 0.017708 0.016435
0 0.026237 0.176389 0.015495 0.016667
0 0.034701 0.196181 0.011328 0.021528
0 0.025130 0.197569 0.013802 0.016435
0 0.019010 0.229977 0.009896 0.015046
0 0.020638 0.218519 0.008464 0.012963
0 0.018229 0.258796 0.020573 0.020833
0 0.045768 0.192245 0.014453 0.010417
0 0.036654 0.179514 0.014453 0.010417
0 0.050716 0.172106 0.010547 0.015509
0 0.043555 0.209491 0.015755 0.013889
0 0.041927 0.220255 0.020833 0.015509
0 0.043099 0.226620 0.014844 0.014815
0 0.036979 0.257060 0.020573 0.017361
0 0.060026 0.212153 0.010156 0.017361
0 0.065951 0.190625 0.014974 0.024306
0 0.060482 0.168171 0.009245 0.015972
0 0.064323 0.179167 0.012760 0.016204
0 0.069401 0.166435 0.010937 0.011574
0 0.075651 0.158796 0.013021 0.017130
0 0.081250 0.190741 0.010677 0.025000
0 0.077474 0.207523 0.011458 0.015509
0 0.081706 0.213657 0.008203 0.014352
0 0.097201 0.189236 0.018099 0.031250
0 0.092057 0.210185 0.013802 0.020370
0 0.118229 0.188542 0.010677 0.031713
0 0.107487 0.190972 0.015495 0.019444
0 0.107813 0.209259 0.012240 0.019444
0 0.117578 0.209722 0.019531 0.019444
0 0.127344 0.199421 0.012760 0.017361
0 0.133333 0.206250 0.011979 0.025463
0 0.136458 0.195949 0.010677 0.015046
0 0.143490 0.199306 0.012760 0.018056
0 0.184896 0.460301 0.027344 0.038194
0 0.109115 0.528472 0.044531 0.041667
0 0.129297 0.506134 0.024479 0.029861
0 0.144857 0.515509 0.036589 0.030556
0 0.164844 0.468866 0.022656 0.027546
0 0.156771 0.491782 0.026042 0.030324
0 0.098828 0.563773 0.040365 0.029861
0 0.112630 0.588657 0.037500 0.043519
0 0.126758 0.559838 0.022005 0.042361
0 0.069531 0.627199 0.033333 0.042824
0 0.054297 0.645370 0.034635 0.043981
0 0.046680 0.677546 0.042839 0.043056
0 0.037174 0.709954 0.035286 0.045833
0 0.028320 0.760764 0.054297 0.049306
0 0.017773 0.803704 0.035286 0.070370
0 0.030339 0.877083 0.054688 0.110185
0 0.058659 0.812731 0.035547 0.104630
0 0.103385 0.831829 0.089583 0.068287
0 0.106445 0.780787 0.062630 0.066667
0 0.067187 0.757407 0.046354 0.051389
0 0.056380 0.721875 0.027865 0.044676
0 0.082617 0.714468 0.035286 0.060417
0 0.176107 0.517477 0.029297 0.047917
0 0.150391 0.593981 0.038802 0.043056
0 0.112760 0.623495 0.037240 0.040046
0 0.133203 0.637731 0.047656 0.077315
0 0.103906 0.667361 0.037760 0.087037
0 0.088281 0.637963 0.039062 0.067593
0 0.133594 0.685185 0.034375 0.067130
0 0.156250 0.691898 0.046094 0.072685
0 0.185482 0.953588 0.072005 0.040509
0 0.168294 0.852315 0.054297 0.105556
0 0.169271 0.760185 0.052344 0.107870
0 0.244531 0.442824 0.039062 0.031019
0 0.236914 0.473148 0.044141 0.064352
0 0.211523 0.516667 0.030859 0.051852
0 0.210286 0.573264 0.035937 0.047917
0 0.204818 0.635995 0.053646 0.060417
0 0.189323 0.591088 0.024479 0.052083
0 0.253971 0.540856 0.034245 0.037269
0 0.237240 0.558449 0.031510 0.049769
0 0.282943 0.474884 0.034635 0.031713
0 0.262500 0.481019 0.026042 0.025000
0 0.279948 0.508218 0.021615 0.034954
0 0.291862 0.499421 0.023828 0.034491
0 0.276953 0.599074 0.067708 0.118519
0 0.257292 0.604398 0.042188 0.045833
0 0.252669 0.626736 0.058464 0.055324
0 0.240755 0.673727 0.066406 0.106713
0 0.255339 0.777199 0.056771 0.150694
0 0.275846 0.862616 0.039974 0.132176
0 0.303646 0.780556 0.051042 0.143981
0 0.296810 0.533218 0.041797 0.086343
0 0.320638 0.512963 0.028516 0.038889
0 0.336784 0.512963 0.026693 0.041204
0 0.349674 0.524769 0.020703 0.036574
0 0.371615 0.531829 0.042969 0.072454
0 0.349674 0.563657 0.035286 0.061574
0 0.311068 0.577662 0.038802 0.065509
0 0.333854 0.610648 0.054948 0.069444
0 0.341406 0.692940 0.046615 0.116898
0 0.343815 0.871181 0.055339 0.063194
0 0.359049 0.924306 0.052734 0.082407
0 0.325065 0.938542 0.063411 0.068287
0 0.386849 0.495949 0.027083 0.034491
0 0.403971 0.479977 0.033984 0.047454
0 0.412695 0.521759 0.033724 0.036111
0 0.420312 0.547338 0.024740 0.036806
0 0.392448 0.548495 0.036198 0.036806
0 0.394596 0.574190 0.066016 0.040509
0 0.388867 0.634259 0.067318 0.067130
0 0.396875 0.688773 0.055208 0.067824
0 0.378320 0.766667 0.086068 0.076852
0 0.406966 0.876273 0.039974 0.142361
0 0.440039 0.805440 0.036849 0.119213
0 0.442253 0.502199 0.018359 0.034491
0 0.465625 0.483796 0.034635 0.038426
0 0.490365 0.475926 0.027604 0.046296
0 0.478776 0.513194 0.025521 0.038426
0 0.443164 0.582060 0.036849 0.031713
0 0.461784 0.574537 0.055599 0.035648
0 0.445573 0.611458 0.040365 0.052083
0 0.480404 0.605440 0.047005 0.040046
0 0.447656 0.684838 0.065365 0.050694
0 0.452409 0.737269 0.053255 0.092593
0 0.254883 0.144329 0.013932 0.021991
0 0.267383 0.143403 0.018099 0.031713
0 0.290755 0.351852 0.016667 0.016667
0 0.304362 0.345949 0.018620 0.021528
0 0.304622 0.309028 0.016016 0.031481
0 0.316602 0.310069 0.013672 0.037269
0 0.330404 0.284259 0.014714 0.020370
0 0.336523 0.260532 0.019661 0.027083
0 0.329557 0.332986 0.017188 0.026157
0 0.323698 0.370370 0.021354 0.021296
0 0.350130 0.386574 0.021354 0.031481
0 0.345768 0.280903 0.019922 0.024306
0 0.363607 0.267014 0.020443 0.029861
0 0.367773 0.288194 0.025391 0.025463
0 0.360221 0.303588 0.014974 0.025231
0 0.375781 0.356481 0.020052 0.039815
0 0.394661 0.344213 0.027604 0.028241
0 0.388997 0.251968 0.013672 0.024306
0 0.395703 0.263426 0.022396 0.022685
0 0.383854 0.278125 0.024740 0.034028
0 0.406966 0.252894 0.011068 0.018750
0 0.409049 0.262963 0.019661 0.018056
0 0.411198 0.275694 0.015365 0.023148
0 0.397331 0.297338 0.018359 0.030787
0 0.418685 0.296759 0.021745 0.020370
0 0.435417 0.264931 0.023177 0.028935
0 0.429557 0.281019 0.015365 0.024074
0 0.439583 0.299769 0.022656 0.027315
0 0.431901 0.322222 0.021875 0.028704
0 0.415560 0.318403 0.027474 0.036343
0 0.411979 0.373727 0.019010 0.032639
0 0.430534 0.361458 0.022005 0.033102
0 0.414062 0.407176 0.022396 0.022222
0 0.436068 0.410185 0.031771 0.028704
0 0.435352 0.383333 0.031641 0.031944
0 0.450586 0.349769 0.025911 0.044444
0 0.442969 0.275926 0.021354 0.020370
0 0.463672 0.284028 0.016667 0.022222
0 0.472005 0.282639 0.017448 0.018981
0 0.466602 0.298495 0.022005 0.027546
0 0.452409 0.326157 0.026953 0.032407
0 0.487956 0.288310 0.015495 0.024306
0 0.488346 0.316898 0.022005 0.025926
0 0.475846 0.328588 0.022266 0.025694
0 0.506836 0.308102 0.024870 0.033333
0 0.475456 0.351505 0.029557 0.023843
0 0.471159 0.367940 0.022266 0.028472
0 0.460807 0.384606 0.027604 0.033565
0 0.490560 0.387037 0.023047 0.037037
0 0.510156 0.351389 0.021094 0.044907
0 0.532813 0.340394 0.017708 0.034954
0 0.517969 0.355556 0.018750 0.025000
0 0.533073 0.363079 0.020573 0.030324
0 0.528646 0.387847 0.030729 0.028009
0 0.544466 0.372454 0.017318 0.029167
0 0.529036 0.420486 0.020573 0.032639
0 0.568164 0.371296 0.029297 0.032870
0 0.586784 0.363889 0.030078 0.033333
0 0.557943 0.404282 0.030990 0.039120
0 0.587370 0.402778 0.028385 0.031481
0 0.603190 0.395486 0.030078 0.038657
0 0.520117 0.450463 0.036068 0.040278
0 0.557292 0.456829 0.029167 0.034954
0 0.542057 0.492361 0.033333 0.053704
0 0.595964 0.478241 0.035677 0.033796
0 0.631901 0.487153 0.036198 0.043287
0 0.627344 0.519907 0.032813 0.037963
0 0.611328 0.543981 0.038281 0.064815
0 0.579427 0.529051 0.026042 0.030324
0 0.584831 0.547338 0.032161 0.036806
0 0.599544 0.578009 0.030078 0.033333
0 0.553320 0.523611 0.035026 0.043981
0 0.557747 0.562384 0.036068 0.040972
0 0.534245 0.554051 0.025781 0.029398
0 0.534049 0.577315 0.047526 0.033796
0 0.518555 0.533333 0.039193 0.032870
0 0.490299 0.550231 0.046745 0.040278
0 0.498633 0.520602 0.016797 0.028704
0 0.508138 0.600000 0.029818 0.052315
0 0.542122 0.639005 0.052734 0.075231
0 0.500977 0.643981 0.065495 0.065278
0 0.504036 0.702778 0.040625 0.080556
0 0.516862 0.684722 0.043620 0.043519
0 0.524740 0.905093 0.064844 0.082870
0 0.561523 0.792824 0.063411 0.065278
0 0.580143 0.850579 0.036849 0.106713
0 0.631055 0.848727 0.058464 0.060417
0 0.624349 0.926505 0.043750 0.084491
0 0.682357 0.766782 0.054818 0.051157
0 0.675716 0.805440 0.043099 0.044213
0 0.689974 0.857986 0.041406 0.090972
0 0.718945 0.793287 0.032682 0.054167
0 0.663932 0.517477 0.036198 0.037269
0 0.671029 0.472338 0.022526 0.037731
0 0.682357 0.510417 0.021484 0.040741
0 0.692057 0.498032 0.018750 0.027083
0 0.701693 0.530671 0.037500 0.057639
0 0.711589 0.487847 0.033594 0.041898
0 0.734635 0.497685 0.020052 0.046759
0 0.726693 0.506366 0.024479 0.037269
0 0.755078 0.527546 0.038021 0.041204
0 0.761393 0.503935 0.047005 0.045833
0 0.799023 0.525347 0.029557 0.040046
0 0.812044 0.549306 0.033984 0.051852
0 0.804036 0.571875 0.056510 0.065509
0 0.811589 0.625926 0.027865 0.077315
0 0.862240 0.544213 0.023177 0.032870
0 0.875586 0.566782 0.055599 0.039583
0 0.845898 0.570833 0.038151 0.058796
0 0.842383 0.604861 0.045703 0.041204
0 0.856380 0.634259 0.037500 0.075000
0 0.893424 0.631250 0.058724 0.105093
0 0.902734 0.583218 0.036198 0.040509
0 0.881055 0.599884 0.038411 0.037731
0 0.947591 0.618287 0.067318 0.100463
0 0.743880 0.751736 0.037240 0.057176
0 0.766211 0.798032 0.053255 0.088194
0 0.802539 0.760069 0.051432 0.091435
0 0.909831 0.830556 0.109766 0.186111
