0 0.005208 0.188426 0.009375 0.021296
0 0.008594 0.208796 0.013021 0.025000
0 0.019531 0.192593 0.014063 0.014815
0 0.026823 0.184259 0.010937 0.014815
0 0.048958 0.178704 0.011458 0.012963
0 0.053906 0.171296 0.014063 0.016667
0 0.043750 0.191204 0.012500 0.015741
0 0.042188 0.203704 0.017708 0.014815
0 0.020052 0.206481 0.019271 0.014815
0 0.014583 0.224537 0.019792 0.021296
0 0.013021 0.233796 0.023958 0.021296
0 0.015104 0.236574 0.022917 0.019444
0 0.016667 0.248148 0.019792 0.012963
0 0.010937 0.279630 0.020833 0.020370
0 0.035156 0.228704 0.013021 0.024074
0 0.058854 0.208333 0.010417 0.022222
0 0.053385 0.224074 0.016146 0.018519
0 0.059896 0.232407 0.015625 0.018519
0 0.069531 0.226852 0.016146 0.024074
0 0.067969 0.200463 0.016146 0.017593
0 0.076302 0.207407 0.018229 0.016667
0 0.089063 0.202315 0.014583 0.023148
0 0.084635 0.225000 0.016146 0.016667
0 0.096875 0.226852 0.021875 0.016667
0 0.099740 0.202778 0.015104 0.014815
0 0.098437 0.192130 0.018750 0.019444
0 0.123958 0.213426 0.015625 0.017593
0 0.113021 0.219907 0.016667 0.019444
0 0.055990 0.613426 0.056771 0.045370
0 0.085417 0.584722 0.036458 0.039815
0 0.097917 0.600926 0.039583 0.042593
0 0.072917 0.651389 0.025000 0.049074
0 0.040625 0.662500 0.042708 0.039815
0 0.054427 0.687963 0.045312 0.048148
0 0.100260 0.700926 0.042188 0.051852
0 0.010677 0.756019 0.020313 0.045370
0 0.041667 0.753241 0.047917 0.049074
0 0.075521 0.750000 0.045833 0.040741
0 0.070312 0.781019 0.050000 0.043519
0 0.022396 0.795370 0.043750 0.074074
0 0.048958 0.856481 0.055208 0.090741
0 0.056771 0.921759 0.080208 0.087963
0 0.092188 0.813889 0.040625 0.061111
0 0.166406 0.893056 0.092188 0.078704
0 0.139583 0.832870 0.058333 0.065741
0 0.142187 0.711574 0.039583 0.087963
0 0.132292 0.773148 0.043750 0.059259
0 0.161198 0.780093 0.046354 0.065741
0 0.170833 0.668056 0.031250 0.047222
0 0.129167 0.529630 0.021875 0.029630
0 0.147135 0.525000 0.030729 0.038889
0 0.175000 0.599074 0.033333 0.050000
0 0.215625 0.500000 0.043750 0.050000
0 0.211458 0.543056 0.041667 0.071296
0 0.259115 0.539352 0.033854 0.036111
0 0.239323 0.554167 0.031771 0.036111
0 0.269271 0.562037 0.027083 0.031481
0 0.259115 0.581944 0.040104 0.037963
0 0.220052 0.625000 0.045312 0.042593
0 0.203906 0.662500 0.043229 0.067593
0 0.184115 0.824074 0.057813 0.075926
0 0.216667 0.813889 0.103125 0.151852
0 0.240365 0.712963 0.070312 0.122222
0 0.241146 0.668519 0.039583 0.075926
0 0.263542 0.649537 0.037500 0.058333
0 0.271094 0.682407 0.033854 0.044444
0 0.286719 0.710185 0.045312 0.059259
0 0.276823 0.750000 0.063021 0.059259
0 0.291927 0.800463 0.080729 0.080556
0 0.297135 0.593981 0.042188 0.032407
0 0.327083 0.593981 0.029167 0.032407
0 0.331771 0.639815 0.036458 0.048148
0 0.303906 0.622685 0.040104 0.049074
0 0.356771 0.579167 0.025000 0.047222
0 0.349219 0.606019 0.041146 0.045370
0 0.354427 0.658333 0.047396 0.066667
0 0.315625 0.675463 0.057292 0.071296
0 0.324219 0.718981 0.045312 0.084259
0 0.401042 0.553241 0.020833 0.049074
0 0.385677 0.547222 0.033854 0.053704
0 0.377344 0.589352 0.031771 0.043519
0 0.384635 0.675000 0.050521 0.044444
0 0.442448 0.587500 0.021354 0.047222
0 0.417448 0.611574 0.038021 0.041667
0 0.407813 0.631944 0.045833 0.060185
0 0.406771 0.686111 0.043750 0.072222
0 0.380469 0.729167 0.078646 0.073148
0 0.366406 0.846296 0.094271 0.094444
0 0.307552 0.930093 0.054688 0.084259
0 0.382552 0.928704 0.074479 0.087037
0 0.445052 0.915278 0.080729 0.080556
0 0.292448 0.346759 0.018229 0.028704
0 0.276562 0.387963 0.016667 0.020370
0 0.290104 0.381481 0.025000 0.022222
0 0.304167 0.343056 0.015625 0.030556
0 0.311198 0.411111 0.030729 0.029630
0 0.316927 0.368981 0.017188 0.032407
0 0.320052 0.312037 0.016146 0.027778
0 0.329688 0.285648 0.017708 0.023148
0 0.333854 0.301852 0.019792 0.025926
0 0.355469 0.288889 0.024479 0.027778
0 0.359896 0.316667 0.030208 0.029630
0 0.351562 0.337963 0.030208 0.033333
0 0.339844 0.427778 0.025521 0.031481
0 0.387500 0.275463 0.018750 0.017593
0 0.391146 0.290741 0.028125 0.025926
0 0.377344 0.305093 0.027604 0.032407
0 0.391406 0.329630 0.026562 0.033333
0 0.406510 0.287500 0.019271 0.025000
0 0.409635 0.304167 0.019271 0.030556
0 0.432552 0.287037 0.014063 0.037037
0 0.429167 0.310648 0.022917 0.025000
0 0.415365 0.325926 0.025521 0.029630
0 0.409375 0.353704 0.023958 0.042593
0 0.392969 0.380093 0.022396 0.032407
0 0.370833 0.386574 0.026042 0.041667
0 0.462760 0.314815 0.021354 0.024074
0 0.474219 0.308796 0.020313 0.025000
0 0.489583 0.318981 0.013542 0.025000
0 0.466927 0.331481 0.024479 0.040741
0 0.429688 0.358333 0.023958 0.035185
0 0.453646 0.359722 0.027083 0.036111
0 0.448437 0.399537 0.035417 0.060185
0 0.424740 0.410648 0.021354 0.041667
0 0.403906 0.423148 0.024479 0.044444
0 0.434115 0.438426 0.035937 0.034259
0 0.413542 0.468519 0.028125 0.038889
0 0.431771 0.468056 0.032292 0.039815
0 0.507552 0.337963 0.021354 0.022222
0 0.489063 0.346759 0.020833 0.026852
0 0.477604 0.360648 0.023958 0.030556
0 0.476823 0.387500 0.019271 0.026852
0 0.474479 0.419907 0.025000 0.036111
0 0.464323 0.441204 0.030729 0.037963
0 0.469792 0.481019 0.035417 0.037963
0 0.499219 0.439352 0.027604 0.039815
0 0.517188 0.399074 0.027083 0.044444
0 0.541406 0.387037 0.023438 0.044444
0 0.542969 0.411574 0.030729 0.028704
0 0.538021 0.438426 0.035417 0.041667
0 0.557292 0.422222 0.022917 0.035185
0 0.584115 0.421759 0.031771 0.026852
0 0.607292 0.414815 0.035417 0.029630
0 0.575260 0.462963 0.032813 0.037037
0 0.543229 0.476389 0.025000 0.043519
0 0.531771 0.513889 0.040625 0.048148
0 0.571354 0.525000 0.033333 0.035185
0 0.607031 0.462500 0.026562 0.037963
0 0.625260 0.447222 0.031771 0.033333
0 0.463281 0.557870 0.030729 0.039815
0 0.494271 0.557407 0.039583 0.038889
0 0.485938 0.605093 0.032292 0.049074
0 0.449219 0.631481 0.033854 0.033333
0 0.502344 0.671296 0.064062 0.048148
0 0.517969 0.604630 0.042188 0.029630
0 0.530729 0.635185 0.044792 0.050000
0 0.508333 0.649074 0.061458 0.038889
0 0.552604 0.572685 0.035417 0.062037
0 0.439844 0.729167 0.054688 0.052778
0 0.468490 0.716667 0.077604 0.050000
0 0.448698 0.780556 0.059896 0.064815
0 0.491406 0.762037 0.071354 0.050000
0 0.524479 0.750926 0.040625 0.070370
0 0.510938 0.808333 0.079167 0.074074
0 0.532813 0.890278 0.070833 0.063889
0 0.518229 0.930093 0.052083 0.087963
0 0.573177 0.818519 0.054688 0.096296
0 0.557552 0.670833 0.046354 0.052778
0 0.550781 0.712963 0.052604 0.046296
0 0.580208 0.666667 0.037500 0.050000
0 0.570312 0.619444 0.036458 0.050000
0 0.616667 0.549074 0.043750 0.038889
0 0.613281 0.584722 0.032813 0.043519
0 0.602344 0.619444 0.023438 0.038889
0 0.604167 0.650000 0.032292 0.050000
0 0.625521 0.683333 0.035417 0.040741
0 0.635677 0.647685 0.035937 0.067593
0 0.653385 0.606019 0.042188 0.041667
0 0.660937 0.569444 0.042708 0.038889
0 0.701302 0.549537 0.025521 0.049074
0 0.698438 0.604167 0.046875 0.043519
0 0.702604 0.583333 0.030208 0.033333
0 0.717708 0.588426 0.019792 0.021296
0 0.741667 0.624074 0.034375 0.074074
0 0.749219 0.561111 0.034896 0.050000
0 0.778646 0.569907 0.023958 0.050926
0 0.762240 0.576389 0.018229 0.021296
0 0.800521 0.575926 0.044792 0.051852
0 0.801562 0.604167 0.025000 0.030556
0 0.805208 0.628704 0.034375 0.035185
0 0.837500 0.617130 0.032292 0.036111
0 0.860677 0.626389 0.045312 0.037963
0 0.881771 0.656019 0.035417 0.063889
0 0.883854 0.693519 0.058333 0.061111
0 0.851562 0.741204 0.047917 0.054630
0 0.897135 0.774537 0.035937 0.065741
0 0.929688 0.745833 0.071875 0.056481
0 0.955469 0.801389 0.049479 0.091667
0 0.929167 0.698611 0.038542 0.071296
0 0.938021 0.653704 0.027083 0.057407
0 0.951823 0.683796 0.044271 0.043519
0 0.978646 0.691204 0.034375 0.049074
0 0.989062 0.719444 0.021875 0.037037
0 0.981771 0.745833 0.036458 0.050926
0 0.987240 0.789352 0.025521 0.058333
0 0.747396 0.949537 0.045833 0.039815
0 0.816667 0.937963 0.040625 0.059259
0 0.889323 0.943519 0.041146 0.055556
