0 0.004818 0.187269 0.009375 0.015741
0 0.008464 0.208681 0.013542 0.021991
0 0.012565 0.234722 0.014453 0.021759
0 0.015365 0.226042 0.016667 0.018750
0 0.016471 0.246412 0.013672 0.016898
0 0.007943 0.262269 0.015625 0.015278
0 0.020898 0.204398 0.014714 0.017593
0 0.020378 0.190625 0.011849 0.014120
0 0.027799 0.183681 0.010026 0.015972
0 0.028451 0.212963 0.011328 0.019444
0 0.035026 0.228472 0.009896 0.021296
0 0.043164 0.204977 0.012109 0.016898
0 0.044010 0.193056 0.011458 0.017130
0 0.050195 0.176736 0.012370 0.011806
0 0.054557 0.170023 0.014063 0.014583
0 0.058138 0.205671 0.010286 0.023380
0 0.069336 0.225926 0.010807 0.023148
0 0.069531 0.199190 0.013281 0.021528
0 0.076563 0.206829 0.016927 0.018287
0 0.089128 0.201620 0.012630 0.019444
0 0.083854 0.217014 0.013021 0.016898
0 0.086589 0.225231 0.020052 0.014352
0 0.097917 0.225810 0.019010 0.015509
0 0.098177 0.211458 0.014583 0.017361
0 0.099740 0.204630 0.014323 0.013889
0 0.098372 0.192593 0.019141 0.018519
0 0.113477 0.218403 0.012370 0.018287
0 0.122266 0.211690 0.017708 0.020602
0 0.137044 0.208218 0.013151 0.021065
0 0.056120 0.612963 0.056250 0.042130
0 0.084766 0.583218 0.036198 0.033102
0 0.043490 0.659259 0.041146 0.031481
0 0.074154 0.647569 0.026693 0.044213
0 0.054948 0.691898 0.045573 0.043056
0 0.010026 0.748611 0.019792 0.047222
0 0.030208 0.751273 0.026823 0.041898
0 0.020833 0.784144 0.041406 0.055324
0 0.041276 0.751273 0.040885 0.051620
0 0.078255 0.746528 0.041406 0.048611
0 0.072786 0.776273 0.048177 0.050231
0 0.099805 0.700579 0.046484 0.047917
0 0.099544 0.600579 0.042578 0.044676
0 0.120117 0.561806 0.031641 0.035648
0 0.127604 0.529977 0.021615 0.023843
0 0.149154 0.526620 0.029297 0.036574
0 0.155664 0.507292 0.016276 0.024769
0 0.137826 0.615509 0.044922 0.067130
0 0.173242 0.599306 0.035547 0.053704
0 0.047656 0.856713 0.059635 0.093056
0 0.062760 0.927199 0.069010 0.066898
0 0.089583 0.818519 0.040885 0.066204
0 0.138477 0.827778 0.062370 0.059259
0 0.132747 0.776273 0.055078 0.049769
0 0.141667 0.707407 0.045052 0.065741
0 0.167318 0.669792 0.037240 0.051620
0 0.166211 0.900463 0.085807 0.084722
0 0.182487 0.822338 0.061068 0.068287
0 0.216992 0.503588 0.035807 0.040509
0 0.209570 0.543750 0.035286 0.069907
0 0.240169 0.547106 0.035026 0.040046
0 0.259570 0.539005 0.036328 0.039583
0 0.269466 0.564699 0.027214 0.032176
0 0.260482 0.581829 0.040495 0.039120
0 0.221875 0.623958 0.041406 0.036806
0 0.203776 0.657407 0.040104 0.065741
0 0.195508 0.737963 0.033724 0.042593
0 0.244792 0.666782 0.032292 0.076157
0 0.265430 0.646065 0.028776 0.050463
0 0.251758 0.715509 0.055078 0.116667
0 0.220898 0.807060 0.104818 0.150694
0 0.304622 0.929282 0.055599 0.086806
0 0.299349 0.805440 0.073438 0.070602
0 0.299023 0.592130 0.040755 0.033333
0 0.307031 0.625000 0.040365 0.041204
0 0.294531 0.653935 0.026042 0.034722
0 0.316081 0.674074 0.047005 0.069444
0 0.326237 0.729167 0.046745 0.069444
0 0.327148 0.596759 0.030078 0.034259
0 0.330469 0.573727 0.021875 0.023843
0 0.357096 0.575579 0.017839 0.040972
0 0.349089 0.609028 0.034896 0.034259
0 0.335156 0.640972 0.035417 0.042593
0 0.350781 0.673148 0.049740 0.092130
0 0.381315 0.728472 0.072526 0.061574
0 0.367383 0.843981 0.089974 0.096759
0 0.383268 0.928819 0.073047 0.084491
0 0.451758 0.916782 0.080339 0.079398
0 0.404753 0.548727 0.029557 0.051620
0 0.386784 0.543171 0.026953 0.046991
0 0.376367 0.589120 0.027214 0.042130
0 0.379557 0.667708 0.042708 0.059954
0 0.406641 0.688889 0.042448 0.061574
0 0.408854 0.637500 0.039062 0.057870
0 0.420833 0.615278 0.042188 0.046759
0 0.441992 0.588194 0.019661 0.055556
0 0.275977 0.388310 0.016536 0.018750
0 0.290560 0.381829 0.024609 0.021065
0 0.291602 0.346991 0.016016 0.026852
0 0.304036 0.343056 0.015365 0.030556
0 0.317839 0.369560 0.019792 0.032176
0 0.310872 0.410069 0.030859 0.026620
0 0.320768 0.310532 0.011589 0.021065
0 0.331445 0.286690 0.016276 0.025231
0 0.334831 0.302199 0.018880 0.020602
0 0.330664 0.320023 0.016016 0.021528
0 0.355534 0.287731 0.023047 0.027315
0 0.361654 0.314931 0.024609 0.034028
0 0.352669 0.336690 0.020182 0.029398
0 0.377930 0.299074 0.023828 0.035185
0 0.383984 0.277778 0.023177 0.024074
0 0.389323 0.288889 0.023177 0.023148
0 0.406055 0.289699 0.023307 0.021528
0 0.434635 0.288426 0.019531 0.030556
0 0.408854 0.300347 0.019010 0.029398
0 0.394206 0.325694 0.023307 0.031481
0 0.370638 0.390972 0.022526 0.023148
0 0.391536 0.382755 0.016406 0.028009
0 0.406771 0.353009 0.020833 0.031481
0 0.414062 0.329398 0.028125 0.030556
0 0.427083 0.310532 0.017448 0.028935
0 0.440820 0.334259 0.017057 0.039352
0 0.428581 0.359606 0.025130 0.042361
0 0.340039 0.427199 0.020443 0.029398
0 0.407617 0.427662 0.022526 0.040046
0 0.423047 0.411111 0.017708 0.033333
0 0.434440 0.438079 0.033464 0.037269
0 0.412565 0.471644 0.031641 0.032176
0 0.435872 0.469792 0.031641 0.033565
0 0.454036 0.363773 0.025781 0.037269
0 0.451302 0.394560 0.033333 0.048380
0 0.462370 0.313542 0.020052 0.026157
0 0.475000 0.306944 0.017969 0.026852
0 0.465820 0.331481 0.019922 0.034722
0 0.498047 0.315394 0.026823 0.035417
0 0.478255 0.365509 0.025260 0.026852
0 0.491992 0.347685 0.022005 0.027315
0 0.514583 0.342245 0.028125 0.036343
0 0.477083 0.393171 0.021094 0.033102
0 0.476628 0.424190 0.027214 0.040509
0 0.465690 0.439583 0.034245 0.036111
0 0.499219 0.441898 0.026302 0.047222
0 0.470378 0.485069 0.036068 0.045139
0 0.463737 0.561921 0.034766 0.045139
0 0.494922 0.559028 0.041406 0.053241
0 0.480729 0.599190 0.025521 0.043287
0 0.438021 0.732870 0.045312 0.060185
0 0.474544 0.713657 0.065755 0.057407
0 0.451302 0.779745 0.055208 0.064120
0 0.479102 0.756481 0.047005 0.054630
0 0.508529 0.759954 0.039714 0.053241
0 0.511784 0.812384 0.074609 0.078935
0 0.518750 0.929398 0.058854 0.082407
0 0.534635 0.883565 0.069271 0.057407
0 0.572070 0.811806 0.050651 0.095833
0 0.533724 0.522454 0.040104 0.052778
0 0.517122 0.604977 0.043099 0.041898
0 0.508919 0.618287 0.026693 0.030556
0 0.511328 0.652894 0.052344 0.051620
0 0.538151 0.618750 0.028906 0.041204
0 0.573958 0.522454 0.039062 0.045370
0 0.557813 0.570370 0.039844 0.066204
0 0.574609 0.632292 0.054427 0.074769
0 0.531380 0.631019 0.041406 0.047685
0 0.554232 0.673380 0.046484 0.061111
0 0.573503 0.663889 0.047005 0.047222
0 0.548958 0.712616 0.044531 0.055324
0 0.600000 0.748958 0.036198 0.057176
0 0.620247 0.551042 0.044141 0.043750
0 0.614453 0.582176 0.034375 0.043519
0 0.601953 0.619560 0.026302 0.037269
0 0.603711 0.646296 0.031120 0.051852
0 0.624154 0.682986 0.035807 0.044213
0 0.638151 0.643981 0.030208 0.066204
0 0.662174 0.564236 0.044401 0.045602
0 0.652214 0.612500 0.047656 0.057870
0 0.702409 0.550000 0.026693 0.043519
0 0.695573 0.606134 0.045052 0.045139
0 0.703776 0.586227 0.034115 0.036343
0 0.718490 0.590509 0.023438 0.031019
0 0.747786 0.624306 0.041146 0.077315
0 0.748828 0.559491 0.036719 0.050000
0 0.777148 0.570255 0.021484 0.053472
0 0.763021 0.574074 0.023698 0.034722
0 0.769987 0.611806 0.036328 0.054630
0 0.800911 0.572917 0.039583 0.047222
0 0.798112 0.603704 0.031120 0.027778
0 0.807227 0.628241 0.040234 0.047222
0 0.838216 0.617940 0.031380 0.037269
0 0.857747 0.628472 0.042057 0.039352
0 0.878385 0.661458 0.048177 0.059491
0 0.884570 0.689583 0.055339 0.061574
0 0.852995 0.737037 0.047396 0.043981
0 0.895508 0.783102 0.038151 0.092130
0 0.938737 0.655093 0.033984 0.065278
0 0.930664 0.697685 0.046484 0.085185
0 0.927604 0.745718 0.073958 0.055324
0 0.948307 0.682060 0.036719 0.049769
0 0.977474 0.693866 0.031510 0.059954
0 0.952018 0.801273 0.042318 0.088194
0 0.987891 0.718171 0.024219 0.037731
0 0.983008 0.743519 0.033984 0.057870
0 0.987695 0.788194 0.024609 0.073611
0 0.739714 0.943519 0.052083 0.077315
0 0.816797 0.943519 0.050000 0.084722
0 0.889453 0.939699 0.039062 0.061806
0 0.516927 0.401505 0.024479 0.044676
0 0.245898 0.153009 0.014714 0.028241
0 0.258398 0.149190 0.017839 0.032639
0 0.546094 0.382986 0.022917 0.042361
0 0.543620 0.409606 0.031771 0.041435
0 0.537500 0.442361 0.042188 0.040278
0 0.554297 0.423148 0.026302 0.035185
0 0.584440 0.420602 0.034505 0.034259
0 0.577734 0.460880 0.039844 0.046296
0 0.540234 0.480787 0.028385 0.045833
0 0.607617 0.413889 0.036328 0.042593
0 0.625456 0.447685 0.034505 0.033796
0 0.606185 0.465509 0.037891 0.045370
