0 0.073112 0.497338 0.021224 0.027546
0 0.106185 0.473958 0.027474 0.025694
0 0.084180 0.501852 0.010807 0.035185
0 0.055208 0.541435 0.021094 0.028241
0 0.066992 0.550116 0.022005 0.023843
0 0.053711 0.570718 0.020964 0.039120
0 0.084701 0.567708 0.019141 0.027083
0 0.068229 0.584491 0.026042 0.029630
0 0.055208 0.609954 0.023958 0.026389
0 0.050326 0.644907 0.019141 0.031019
0 0.070443 0.667824 0.022396 0.026389
0 0.055534 0.687616 0.024609 0.023843
0 0.064062 0.711806 0.023438 0.031944
0 0.051237 0.759722 0.027474 0.034259
0 0.052148 0.815625 0.020703 0.039120
0 0.074740 0.805671 0.024479 0.040972
0 0.113021 0.494097 0.019531 0.028935
0 0.133138 0.478125 0.018359 0.035417
0 0.147461 0.479398 0.018099 0.027778
0 0.163737 0.484144 0.020964 0.030787
0 0.133464 0.506366 0.021354 0.030324
0 0.113281 0.526620 0.021354 0.034722
0 0.091016 0.522685 0.021615 0.028241
0 0.129557 0.545255 0.018490 0.042361
0 0.149089 0.547801 0.022135 0.027083
0 0.109115 0.578704 0.020313 0.042593
0 0.093555 0.623495 0.025391 0.028935
0 0.112695 0.650347 0.026693 0.035417
0 0.085938 0.675810 0.026042 0.025694
0 0.084896 0.725347 0.022396 0.035880
0 0.110352 0.713079 0.019141 0.035880
0 0.134570 0.683565 0.019141 0.036111
0 0.138737 0.711227 0.020964 0.027083
0 0.125195 0.730208 0.019141 0.035417
0 0.089714 0.751968 0.027865 0.028935
0 0.094987 0.799190 0.022526 0.027083
0 0.112174 0.813773 0.024349 0.028935
0 0.122135 0.763310 0.026823 0.042361
0 0.144141 0.738773 0.022396 0.032176
0 0.141992 0.790162 0.023828 0.037269
0 0.133138 0.837847 0.032943 0.043750
0 0.115625 0.907639 0.021615 0.027778
0 0.115951 0.943287 0.027474 0.031944
0 0.135352 0.920139 0.025651 0.034722
0 0.134440 0.889583 0.021745 0.039352
0 0.163346 0.871875 0.023047 0.035880
0 0.154622 0.939468 0.014453 0.045139
0 0.180143 0.910532 0.030078 0.032176
0 0.158659 0.825347 0.028255 0.034028
0 0.165560 0.759144 0.020964 0.035417
0 0.185612 0.712384 0.014193 0.037269
0 0.177995 0.796065 0.024219 0.026852
0 0.183073 0.841319 0.019792 0.034028
0 0.188672 0.865394 0.024479 0.032176
0 0.187565 0.957060 0.025391 0.022454
0 0.218880 0.946412 0.022135 0.032176
0 0.211458 0.907523 0.015104 0.046991
0 0.189714 0.454514 0.013021 0.032176
0 0.209310 0.457523 0.025391 0.027546
0 0.201367 0.490972 0.015234 0.027778
0 0.220508 0.481597 0.023828 0.024306
0 0.218880 0.506134 0.025781 0.032176
0 0.229167 0.218866 0.019531 0.023843
0 0.224870 0.264352 0.013802 0.039815
0 0.312891 0.054051 0.015625 0.020602
0 0.326497 0.043403 0.017318 0.025231
0 0.344401 0.042824 0.015625 0.025000
0 0.360417 0.041088 0.013021 0.020602
0 0.367904 0.057176 0.017057 0.024537
0 0.339128 0.064931 0.014453 0.033565
0 0.320898 0.076852 0.017057 0.023611
0 0.305078 0.085185 0.019531 0.019907
0 0.318099 0.102894 0.013021 0.019213
0 0.307292 0.115394 0.017448 0.021065
0 0.329362 0.106829 0.018099 0.025694
0 0.346159 0.097106 0.022786 0.028472
0 0.352344 0.074884 0.015625 0.022454
0 0.376888 0.064583 0.013411 0.025000
0 0.389583 0.062037 0.014063 0.022685
0 0.368620 0.107060 0.019792 0.023843
0 0.374414 0.084259 0.015495 0.028241
0 0.389453 0.078472 0.016667 0.028241
0 0.386328 0.101620 0.022135 0.036111
0 0.409831 0.080324 0.013411 0.021759
0 0.410547 0.096528 0.014063 0.023148
0 0.421940 0.091898 0.013672 0.021759
0 0.317122 0.127315 0.018099 0.023148
0 0.313997 0.151505 0.021224 0.022454
0 0.316536 0.173611 0.016927 0.025926
0 0.312760 0.204514 0.013021 0.033565
0 0.312956 0.227662 0.016276 0.020602
0 0.333854 0.168519 0.017708 0.028241
0 0.325586 0.195139 0.012630 0.021296
0 0.339844 0.196759 0.015104 0.033333
0 0.327539 0.214468 0.020182 0.028935
0 0.360286 0.142708 0.019792 0.020602
0 0.380013 0.136574 0.017318 0.026389
0 0.370378 0.120949 0.013411 0.025694
0 0.336068 0.125694 0.018490 0.021296
0 0.407161 0.126042 0.019531 0.021991
0 0.399349 0.146296 0.025000 0.027778
0 0.427539 0.142477 0.023568 0.023843
0 0.362826 0.165625 0.020703 0.035417
0 0.386914 0.185532 0.023828 0.025231
0 0.372201 0.189005 0.019922 0.020602
0 0.353060 0.210301 0.013411 0.027083
0 0.417253 0.169444 0.018880 0.023611
0 0.430469 0.178009 0.017708 0.023148
0 0.432292 0.209606 0.024219 0.024306
0 0.415299 0.203935 0.022005 0.023148
0 0.386198 0.213773 0.016667 0.023843
0 0.363542 0.232176 0.027865 0.024537
0 0.316146 0.247569 0.017708 0.024306
0 0.342187 0.253588 0.031510 0.022454
0 0.316341 0.286111 0.026693 0.023148
0 0.334961 0.281250 0.014193 0.026389
0 0.365885 0.270949 0.013021 0.023843
0 0.351628 0.289005 0.015495 0.022454
0 0.379102 0.248495 0.022786 0.023843
0 0.397005 0.260417 0.021094 0.023148
0 0.414909 0.272338 0.020703 0.021065
0 0.437891 0.260764 0.015885 0.040509
0 0.311133 0.324074 0.025651 0.023148
0 0.299154 0.354282 0.016276 0.014120
0 0.287565 0.382639 0.019922 0.021759
0 0.310156 0.362731 0.015885 0.023148
0 0.320898 0.344907 0.016276 0.021296
0 0.332813 0.312269 0.014063 0.019907
0 0.336784 0.320833 0.013411 0.016667
0 0.344076 0.334375 0.016276 0.025694
0 0.356706 0.317940 0.010547 0.030324
0 0.366797 0.318634 0.014063 0.034028
0 0.399349 0.288426 0.017708 0.019907
0 0.413607 0.290972 0.014453 0.019907
0 0.401758 0.308681 0.018099 0.020602
0 0.423893 0.306366 0.022786 0.028935
0 0.330078 0.362616 0.015104 0.027083
0 0.317578 0.380671 0.021354 0.025694
0 0.345052 0.362963 0.021354 0.025000
0 0.366471 0.363657 0.015495 0.041667
0 0.381120 0.348148 0.018750 0.019907
0 0.379427 0.330903 0.017708 0.022454
0 0.400456 0.338889 0.019141 0.029630
0 0.238216 0.481597 0.020964 0.032176
0 0.243685 0.447569 0.021745 0.037269
0 0.260091 0.454282 0.018359 0.028935
0 0.278581 0.437500 0.022005 0.031481
0 0.292643 0.397454 0.014193 0.023148
0 0.301693 0.417361 0.022135 0.039815
0 0.315951 0.415394 0.015234 0.025694
0 0.330143 0.418287 0.020964 0.030093
0 0.334635 0.396991 0.018490 0.032870
0 0.353906 0.389005 0.019531 0.035880
0 0.290495 0.460764 0.021354 0.030324
0 0.272591 0.490278 0.018880 0.030093
0 0.291927 0.490625 0.019792 0.027083
0 0.308919 0.469676 0.015495 0.039352
0 0.279492 0.519560 0.017318 0.028472
0 0.259570 0.557176 0.025391 0.031481
0 0.239518 0.591898 0.022005 0.027778
0 0.251042 0.612153 0.028646 0.025694
0 0.278190 0.583796 0.027734 0.028241
0 0.294466 0.514120 0.022786 0.021296
0 0.226107 0.677778 0.024349 0.033333
0 0.205664 0.686343 0.020182 0.031481
0 0.200977 0.722685 0.039714 0.021759
0 0.243815 0.700579 0.026432 0.025231
0 0.215820 0.742361 0.027474 0.030093
0 0.264062 0.632060 0.025000 0.028472
0 0.313411 0.618866 0.029687 0.044213
0 0.268945 0.690856 0.020182 0.028935
0 0.289062 0.685185 0.024219 0.021296
0 0.254102 0.723032 0.015234 0.041898
0 0.240755 0.758796 0.022396 0.036111
0 0.192969 0.762963 0.016667 0.032870
0 0.216862 0.780903 0.027474 0.052083
0 0.213607 0.825000 0.030339 0.034722
0 0.243294 0.862616 0.031120 0.034028
0 0.233203 0.906366 0.026042 0.034028
0 0.253385 0.929398 0.029687 0.026389
0 0.266667 0.951968 0.017708 0.028935
0 0.243099 0.815972 0.027083 0.024537
0 0.261523 0.818866 0.026432 0.031713
0 0.257617 0.784722 0.019922 0.048148
0 0.275130 0.727894 0.013802 0.045139
0 0.295964 0.724074 0.027865 0.033333
0 0.274935 0.800231 0.015495 0.043056
0 0.295768 0.781481 0.031120 0.026389
0 0.296289 0.815972 0.015495 0.033333
0 0.301693 0.854861 0.028646 0.034259
0 0.264648 0.891435 0.033203 0.043056
0 0.317448 0.791551 0.016667 0.051620
0 0.327734 0.824884 0.023438 0.037269
0 0.324544 0.853588 0.016276 0.049306
0 0.334245 0.896759 0.004687 0.043056
0 0.344922 0.861227 0.024479 0.035417
0 0.359245 0.898264 0.025000 0.027083
0 0.361328 0.834606 0.027865 0.033565
0 0.345508 0.803819 0.022786 0.037269
0 0.366081 0.801157 0.019141 0.046296
0 0.347135 0.764931 0.032552 0.028935
0 0.343815 0.672222 0.031120 0.031481
0 0.322721 0.703819 0.032161 0.030324
0 0.337109 0.622338 0.025000 0.025694
0 0.371354 0.608912 0.023177 0.029398
0 0.371159 0.665162 0.017057 0.044213
0 0.393815 0.618634 0.015234 0.050231
0 0.383073 0.734259 0.019271 0.036111
0 0.411263 0.720486 0.022005 0.027546
0 0.405859 0.738773 0.018490 0.043750
0 0.397396 0.789236 0.012240 0.040509
0 0.384701 0.819792 0.018880 0.053935
0 0.383984 0.906250 0.023958 0.036574
0 0.412760 0.895602 0.023438 0.034722
0 0.423372 0.939815 0.023828 0.031481
0 0.406380 0.839468 0.028906 0.039120
0 0.435482 0.859722 0.032161 0.046296
0 0.415820 0.802083 0.018880 0.044444
0 0.432292 0.807292 0.021354 0.034028
0 0.295508 0.544676 0.029297 0.033333
0 0.310742 0.523958 0.028516 0.025694
0 0.327214 0.494097 0.026823 0.030324
0 0.337305 0.541667 0.030339 0.032870
0 0.317578 0.553009 0.020573 0.033333
0 0.326693 0.583796 0.030729 0.028241
0 0.347070 0.569097 0.021745 0.030787
0 0.344206 0.497917 0.016536 0.043056
0 0.362630 0.482176 0.026042 0.029630
0 0.357943 0.453009 0.035417 0.031481
0 0.364648 0.425347 0.024870 0.027546
0 0.387044 0.407986 0.027214 0.028935
0 0.380534 0.442708 0.020703 0.045602
0 0.409115 0.369444 0.014844 0.039352
0 0.407682 0.404745 0.013281 0.040509
0 0.436784 0.341088 0.020182 0.025231
0 0.430273 0.379051 0.012370 0.025231
0 0.439323 0.369444 0.019531 0.036574
0 0.427539 0.408333 0.016276 0.036111
0 0.437500 0.435995 0.023177 0.037269
0 0.400586 0.473958 0.023828 0.030787
0 0.420703 0.456250 0.025781 0.026389
0 0.363542 0.534259 0.022135 0.029630
0 0.382682 0.524306 0.024219 0.026389
0 0.399740 0.513194 0.015625 0.046296
0 0.381380 0.572917 0.032552 0.046296
0 0.395182 0.546875 0.023177 0.031713
0 0.415430 0.559144 0.020182 0.027546
0 0.413867 0.590856 0.032161 0.030787
0 0.413151 0.624421 0.024219 0.030787
0 0.465169 0.403125 0.024870 0.035880
0 0.448177 0.389931 0.018490 0.027546
0 0.449479 0.421181 0.020313 0.042361
0 0.481836 0.422685 0.020703 0.026389
0 0.446159 0.448495 0.015234 0.035417
0 0.468620 0.442130 0.023177 0.031481
0 0.422721 0.455556 0.024609 0.023611
0 0.430469 0.480903 0.019792 0.042361
0 0.454362 0.485069 0.016276 0.045602
0 0.450521 0.518634 0.022396 0.045602
0 0.474609 0.504398 0.020573 0.031481
0 0.490495 0.500926 0.014844 0.033333
0 0.508919 0.493171 0.022786 0.038657
0 0.464648 0.551968 0.017318 0.030324
0 0.486914 0.543056 0.019922 0.044444
0 0.438802 0.562963 0.034375 0.031481
0 0.437109 0.595370 0.022396 0.044907
0 0.437695 0.630440 0.023568 0.035417
0 0.436068 0.672222 0.025260 0.027778
0 0.436068 0.710185 0.031771 0.044444
0 0.461914 0.622106 0.022005 0.037731
0 0.477279 0.610185 0.021745 0.028241
0 0.497917 0.608681 0.023958 0.035417
0 0.544010 0.567477 0.025000 0.025231
0 0.526497 0.587731 0.020964 0.034722
0 0.488867 0.631829 0.016016 0.034028
0 0.471484 0.643056 0.023177 0.036111
0 0.461914 0.673843 0.029297 0.036111
0 0.482031 0.675463 0.018750 0.023611
0 0.504036 0.666435 0.020313 0.039352
0 0.506966 0.648148 0.011589 0.038426
0 0.547982 0.658333 0.019922 0.034722
0 0.468229 0.705324 0.025260 0.034722
0 0.505143 0.702778 0.018099 0.038426
0 0.491406 0.718287 0.023958 0.029630
0 0.442383 0.780324 0.015495 0.043056
0 0.475846 0.760995 0.028255 0.026157
0 0.465495 0.787269 0.027865 0.031481
0 0.495703 0.761921 0.019531 0.032176
0 0.515234 0.768634 0.023177 0.034028
0 0.490495 0.793519 0.032813 0.021759
0 0.460091 0.828241 0.025651 0.029630
0 0.481836 0.830208 0.016276 0.037269
0 0.498698 0.829398 0.019531 0.039815
0 0.488151 0.904398 0.020313 0.030093
0 0.472266 0.855903 0.018750 0.032176
0 0.494141 0.863542 0.024219 0.035880
0 0.453906 0.209028 0.015365 0.028704
0 0.553971 0.038079 0.013932 0.014583
0 0.548763 0.057870 0.014714 0.026389
0 0.555078 0.070718 0.016667 0.025694
0 0.539974 0.100926 0.016406 0.024537
0 0.528320 0.126042 0.018620 0.022454
0 0.525716 0.146528 0.021224 0.029167
0 0.544206 0.120255 0.017578 0.020139
0 0.542318 0.133565 0.019531 0.029630
0 0.547201 0.160764 0.013932 0.029861
0 0.560156 0.158333 0.015625 0.022685
0 0.532292 0.238542 0.013542 0.042361
0 0.552018 0.206250 0.024609 0.024074
0 0.554102 0.221759 0.014714 0.023611
0 0.567383 0.213310 0.023828 0.027083
0 0.560612 0.245602 0.022526 0.025000
0 0.579167 0.239699 0.021875 0.026620
0 0.587500 0.188194 0.021615 0.024074
0 0.588151 0.207523 0.019531 0.025694
0 0.605339 0.224769 0.018750 0.022685
0 0.569401 0.041667 0.017448 0.017130
0 0.583203 0.044560 0.013021 0.024769
0 0.569857 0.059144 0.017839 0.022454
0 0.572917 0.079514 0.017188 0.021991
0 0.558333 0.095602 0.020313 0.023148
0 0.572201 0.106134 0.015234 0.031250
0 0.568620 0.130903 0.019531 0.020139
0 0.598568 0.054167 0.018750 0.022685
0 0.613086 0.043056 0.014974 0.017593
0 0.615820 0.064931 0.018099 0.024306
0 0.595443 0.078704 0.013542 0.029630
0 0.610547 0.097685 0.019010 0.028241
0 0.587630 0.105440 0.017188 0.024769
0 0.584375 0.134606 0.019271 0.022454
0 0.603060 0.135185 0.014193 0.023611
0 0.581576 0.154167 0.018099 0.022685
0 0.597852 0.149190 0.013932 0.021528
0 0.606901 0.168866 0.015104 0.021528
0 0.608919 0.191667 0.017839 0.017130
0 0.625130 0.233796 0.016927 0.027778
0 0.642969 0.252199 0.023698 0.037269
0 0.632943 0.063889 0.017188 0.029167
0 0.658008 0.044097 0.012370 0.025694
0 0.658854 0.098611 0.013542 0.024074
0 0.640690 0.099884 0.018620 0.022454
0 0.649544 0.128125 0.017578 0.019676
0 0.630208 0.153704 0.013021 0.027778
0 0.624674 0.187500 0.014453 0.021759
0 0.636914 0.188426 0.020182 0.023611
0 0.642122 0.210185 0.012370 0.028704
0 0.649935 0.141898 0.015495 0.030093
0 0.650195 0.161806 0.012109 0.023611
0 0.653516 0.188773 0.022656 0.021065
0 0.674805 0.202083 0.018359 0.027778
0 0.666146 0.184954 0.016406 0.019444
0 0.668490 0.165509 0.019792 0.022222
0 0.663542 0.147454 0.015625 0.025000
0 0.673698 0.044097 0.011719 0.026620
0 0.690234 0.093866 0.018750 0.023843
0 0.674154 0.117014 0.021484 0.031713
0 0.721094 0.086806 0.016406 0.032870
0 0.704102 0.116551 0.018620 0.030787
0 0.739062 0.091898 0.015625 0.035648
0 0.729622 0.110995 0.021484 0.025694
0 0.734831 0.136921 0.022266 0.033102
0 0.745964 0.183912 0.026042 0.038657
0 0.742578 0.222917 0.023177 0.037037
