0 0.190365 0.057407 0.011979 0.025926
0 0.229167 0.219444 0.018750 0.025926
0 0.223958 0.266667 0.013542 0.037037
0 0.074740 0.498148 0.025521 0.025926
0 0.104948 0.473148 0.025521 0.027778
0 0.055469 0.542593 0.019271 0.020370
0 0.066667 0.550000 0.023958 0.018519
0 0.054167 0.573148 0.021875 0.029630
0 0.068750 0.586111 0.022917 0.022222
0 0.090104 0.524537 0.019792 0.023148
0 0.114062 0.497685 0.020833 0.026852
0 0.086458 0.568056 0.023958 0.026852
0 0.055208 0.613426 0.023958 0.021296
0 0.092969 0.624537 0.022396 0.023148
0 0.109375 0.575926 0.021875 0.037037
0 0.114583 0.530556 0.020833 0.031481
0 0.128646 0.550463 0.022917 0.043519
0 0.133073 0.480093 0.018229 0.036111
0 0.145833 0.478704 0.021875 0.022222
0 0.134375 0.506944 0.023958 0.023148
0 0.144792 0.548611 0.026042 0.028704
0 0.165885 0.483333 0.022396 0.027778
0 0.188802 0.457870 0.016146 0.034259
0 0.205729 0.455556 0.021875 0.024074
0 0.199219 0.489815 0.021354 0.031481
0 0.220052 0.484722 0.023438 0.036111
0 0.217708 0.501852 0.028125 0.033333
0 0.236198 0.481019 0.018229 0.032407
0 0.299740 0.354630 0.018229 0.020370
0 0.286979 0.379167 0.022917 0.026852
0 0.291667 0.395833 0.013542 0.026852
0 0.299219 0.416204 0.016146 0.030556
0 0.280729 0.434259 0.019792 0.025926
0 0.243490 0.447685 0.021354 0.025000
0 0.260937 0.452778 0.020833 0.024074
0 0.291667 0.461111 0.020833 0.020370
0 0.274219 0.490741 0.020313 0.029630
0 0.292448 0.488889 0.021354 0.022222
0 0.279948 0.520370 0.019271 0.029630
0 0.295573 0.512037 0.022396 0.022222
0 0.260417 0.554167 0.025000 0.028704
0 0.296094 0.546296 0.028646 0.027778
0 0.277604 0.583333 0.030208 0.024074
0 0.242188 0.596759 0.026042 0.025000
0 0.251302 0.611111 0.027604 0.024074
0 0.263021 0.629167 0.023958 0.025000
0 0.049219 0.644907 0.017188 0.030556
0 0.055469 0.687500 0.026562 0.023148
0 0.071615 0.670833 0.019271 0.017593
0 0.085156 0.675926 0.025521 0.031481
0 0.112760 0.656019 0.029687 0.028704
0 0.134375 0.685648 0.020833 0.032407
0 0.062760 0.713889 0.021354 0.035185
0 0.051302 0.760185 0.030729 0.037037
0 0.085938 0.726389 0.020833 0.028704
0 0.110156 0.715278 0.024479 0.041667
0 0.052604 0.816204 0.023958 0.037963
0 0.075000 0.805556 0.025000 0.038889
0 0.095052 0.795370 0.022396 0.029630
0 0.138542 0.712037 0.021875 0.025926
0 0.127083 0.730556 0.018750 0.040741
0 0.142969 0.739815 0.023438 0.029630
0 0.123698 0.762500 0.031771 0.030556
0 0.141406 0.791667 0.024479 0.035185
0 0.112760 0.811574 0.029687 0.025000
0 0.131510 0.837500 0.026562 0.030556
0 0.115104 0.907407 0.022917 0.025926
0 0.114583 0.942593 0.027083 0.029630
0 0.133854 0.891667 0.025000 0.044444
0 0.133854 0.920370 0.026042 0.038889
0 0.153906 0.933796 0.015104 0.050926
0 0.163281 0.753704 0.015104 0.022222
0 0.160156 0.824537 0.027604 0.028704
0 0.176823 0.795370 0.023438 0.025926
0 0.183073 0.839815 0.024479 0.037037
0 0.164844 0.875000 0.026562 0.035185
0 0.186198 0.867593 0.023438 0.038889
0 0.178906 0.908333 0.029687 0.038889
0 0.187760 0.957407 0.022396 0.020370
0 0.185938 0.709259 0.015625 0.035185
0 0.206250 0.688426 0.020833 0.036111
0 0.225000 0.678241 0.019792 0.041667
0 0.242188 0.700463 0.027083 0.026852
0 0.268490 0.693056 0.021354 0.045370
0 0.286198 0.684259 0.024479 0.031481
0 0.293750 0.720833 0.025000 0.030556
0 0.276302 0.730093 0.017188 0.039815
0 0.253125 0.725000 0.017708 0.038889
0 0.204427 0.720370 0.030729 0.027778
0 0.215625 0.737037 0.025000 0.022222
0 0.192448 0.764352 0.017188 0.032407
0 0.215104 0.777315 0.023958 0.041667
0 0.239583 0.757870 0.020833 0.043519
0 0.213802 0.830556 0.028646 0.031481
0 0.211198 0.907407 0.016146 0.040741
0 0.218750 0.945370 0.027083 0.029630
0 0.234115 0.903704 0.027604 0.029630
0 0.256771 0.782407 0.015625 0.044444
0 0.241146 0.814815 0.026042 0.025926
0 0.295573 0.776389 0.026562 0.030556
0 0.276823 0.800000 0.019271 0.042593
0 0.295312 0.815278 0.019792 0.032407
0 0.260937 0.822222 0.023958 0.027778
0 0.242969 0.863426 0.027604 0.030556
0 0.265365 0.889352 0.029687 0.037963
0 0.254167 0.928241 0.026042 0.028704
0 0.296875 0.857407 0.020833 0.022222
0 0.267708 0.954630 0.013542 0.031481
0 0.311979 0.055556 0.017708 0.022222
0 0.325781 0.040278 0.019271 0.028704
0 0.343490 0.039815 0.016146 0.022222
0 0.361979 0.039352 0.020833 0.017593
0 0.367448 0.056944 0.015104 0.026852
0 0.306771 0.083333 0.018750 0.018519
0 0.321354 0.074537 0.017708 0.023148
0 0.338281 0.066204 0.014063 0.032407
0 0.351823 0.074074 0.016146 0.027778
0 0.307292 0.113889 0.018750 0.020370
0 0.319010 0.100000 0.014063 0.022222
0 0.329167 0.103241 0.017708 0.023148
0 0.346094 0.092593 0.021354 0.022222
0 0.372135 0.081481 0.017188 0.025926
0 0.375521 0.066204 0.015625 0.017593
0 0.389583 0.060648 0.012500 0.023148
0 0.398438 0.072222 0.018750 0.018519
0 0.410417 0.081481 0.015625 0.024074
0 0.409375 0.093519 0.014583 0.025926
0 0.420833 0.090741 0.015625 0.027778
0 0.386198 0.100000 0.017188 0.027778
0 0.367448 0.102315 0.021354 0.030556
0 0.354948 0.112037 0.022396 0.027778
0 0.317448 0.131481 0.021354 0.022222
0 0.335677 0.125926 0.022396 0.018519
0 0.350260 0.131019 0.020313 0.030556
0 0.313281 0.150926 0.021354 0.024074
0 0.360938 0.143981 0.020833 0.025000
0 0.382031 0.134259 0.026562 0.022222
0 0.408333 0.124074 0.022917 0.024074
0 0.429167 0.142593 0.022917 0.029630
0 0.399479 0.147222 0.021875 0.024074
0 0.317708 0.173611 0.017708 0.025000
0 0.335938 0.171296 0.023958 0.027778
0 0.363021 0.168056 0.020833 0.032407
0 0.387240 0.183333 0.022396 0.029630
0 0.415885 0.169444 0.019271 0.022222
0 0.428906 0.179630 0.018229 0.020370
0 0.313281 0.203241 0.015104 0.037963
0 0.328385 0.192130 0.019271 0.030556
0 0.326042 0.214815 0.020833 0.020370
0 0.338542 0.198148 0.014583 0.031481
0 0.351823 0.206481 0.018229 0.033333
0 0.359896 0.227778 0.022917 0.022222
0 0.371875 0.192130 0.019792 0.025000
0 0.385937 0.212037 0.016667 0.027778
0 0.399479 0.196296 0.017708 0.016667
0 0.414062 0.201852 0.021875 0.022222
0 0.429948 0.208796 0.025521 0.026852
0 0.453125 0.207407 0.020833 0.029630
0 0.310677 0.226852 0.022396 0.025926
0 0.316146 0.244444 0.020833 0.020370
0 0.339062 0.253241 0.028125 0.021296
0 0.378125 0.247222 0.029167 0.025926
0 0.313542 0.288426 0.023958 0.021296
0 0.310417 0.322222 0.023958 0.025926
0 0.334115 0.282407 0.018229 0.027778
0 0.333073 0.318981 0.022396 0.036111
0 0.317708 0.340741 0.022917 0.029630
0 0.350260 0.285648 0.015104 0.034259
0 0.364844 0.277778 0.019271 0.044444
0 0.396615 0.262963 0.023438 0.024074
0 0.415104 0.272222 0.020833 0.027778
0 0.436979 0.262500 0.020833 0.041667
0 0.356510 0.318056 0.016146 0.030556
0 0.365625 0.318519 0.014583 0.037037
0 0.398177 0.287500 0.013021 0.028704
0 0.411979 0.292593 0.017708 0.027778
0 0.419271 0.300000 0.025000 0.029630
0 0.400781 0.306944 0.019271 0.025000
0 0.379427 0.331481 0.018229 0.031481
0 0.401562 0.336574 0.022917 0.030556
0 0.439063 0.343519 0.028125 0.029630
0 0.317969 0.379167 0.024479 0.034259
0 0.342708 0.362037 0.029167 0.031481
0 0.367188 0.362963 0.017708 0.031481
0 0.316927 0.416204 0.018229 0.023148
0 0.330729 0.419444 0.025000 0.037037
0 0.335677 0.395833 0.022396 0.032407
0 0.351042 0.384722 0.018750 0.034259
0 0.408073 0.368056 0.014063 0.041667
0 0.440104 0.366204 0.025000 0.032407
0 0.433333 0.382407 0.018750 0.022222
0 0.384635 0.405556 0.021354 0.029630
0 0.408333 0.404630 0.017708 0.027778
0 0.428385 0.404167 0.018229 0.034259
0 0.446615 0.393519 0.015104 0.027778
0 0.463542 0.399074 0.025000 0.029630
0 0.449740 0.412500 0.021354 0.026852
0 0.306771 0.470370 0.011458 0.035185
0 0.358333 0.453241 0.032292 0.023148
0 0.363281 0.425463 0.020313 0.025000
0 0.381510 0.443056 0.017188 0.043519
0 0.438802 0.436111 0.027604 0.035185
0 0.481771 0.423148 0.019792 0.020370
0 0.468490 0.440741 0.021354 0.029630
0 0.326302 0.491667 0.027604 0.025926
0 0.359375 0.486111 0.021875 0.031481
0 0.344792 0.499537 0.015625 0.043519
0 0.401562 0.474537 0.027083 0.025000
0 0.380469 0.486111 0.028646 0.031481
0 0.426302 0.468981 0.015104 0.023148
0 0.430729 0.485648 0.013542 0.030556
0 0.451562 0.479630 0.018750 0.035185
0 0.398958 0.506019 0.014583 0.034259
0 0.475000 0.500463 0.020833 0.032407
0 0.489063 0.499074 0.015625 0.038889
0 0.507812 0.492593 0.022917 0.035185
0 0.338021 0.538426 0.028125 0.032407
0 0.317448 0.552778 0.019271 0.035185
0 0.362760 0.533333 0.020313 0.027778
0 0.380469 0.522685 0.025521 0.025000
0 0.396354 0.546759 0.028125 0.036111
0 0.414844 0.559722 0.021354 0.023148
0 0.449740 0.513426 0.023438 0.036111
0 0.484896 0.540278 0.017708 0.037963
0 0.467448 0.553241 0.016146 0.037963
0 0.438281 0.562963 0.028646 0.031481
0 0.327604 0.584722 0.032292 0.032407
0 0.350260 0.572222 0.023438 0.037037
0 0.378125 0.569907 0.025000 0.036111
0 0.543229 0.566667 0.021875 0.022222
0 0.528646 0.585648 0.022917 0.032407
0 0.309896 0.611574 0.023958 0.036111
0 0.337500 0.620370 0.026042 0.031481
0 0.371094 0.607870 0.025521 0.025000
0 0.393229 0.617593 0.016667 0.046296
0 0.411979 0.588889 0.032292 0.027778
0 0.437760 0.588889 0.019271 0.033333
0 0.414583 0.623148 0.023958 0.029630
0 0.437240 0.629167 0.024479 0.034259
0 0.463542 0.619444 0.028125 0.035185
0 0.477604 0.606944 0.026042 0.026852
0 0.500781 0.611574 0.024479 0.036111
0 0.320573 0.703241 0.030729 0.026852
0 0.343229 0.671296 0.028125 0.029630
0 0.367969 0.661111 0.013021 0.050000
0 0.315885 0.788426 0.022396 0.043519
0 0.331250 0.823148 0.023958 0.024074
0 0.323958 0.854630 0.016667 0.050000
0 0.346354 0.764352 0.029167 0.030556
0 0.345573 0.804167 0.021354 0.030556
0 0.364583 0.800463 0.015625 0.047222
0 0.362500 0.831944 0.029167 0.028704
0 0.344271 0.859259 0.023958 0.031481
0 0.340365 0.893519 0.019271 0.040741
0 0.357812 0.897222 0.022917 0.033333
0 0.383594 0.734722 0.021354 0.039815
0 0.436458 0.675463 0.019792 0.030556
0 0.471875 0.644444 0.023958 0.029630
0 0.488021 0.628241 0.014583 0.034259
0 0.506771 0.644444 0.016667 0.035185
0 0.461198 0.675000 0.021354 0.027778
0 0.482031 0.675000 0.021354 0.031481
0 0.506510 0.664815 0.022396 0.035185
0 0.551562 0.656481 0.025000 0.024074
0 0.503906 0.703241 0.021354 0.039815
0 0.491146 0.715278 0.025000 0.026852
0 0.467969 0.706481 0.029687 0.027778
0 0.436198 0.710185 0.029687 0.037037
0 0.410938 0.721296 0.022917 0.025926
0 0.406771 0.740278 0.019792 0.045370
0 0.398177 0.785648 0.018229 0.047222
0 0.384115 0.823148 0.017188 0.046296
0 0.383333 0.907407 0.027083 0.031481
0 0.416146 0.799537 0.016667 0.045370
0 0.405990 0.841667 0.024479 0.035185
0 0.431771 0.806944 0.025000 0.039815
0 0.443229 0.779630 0.014583 0.042593
0 0.474740 0.762500 0.028646 0.026852
0 0.513281 0.766667 0.027604 0.031481
0 0.467187 0.784259 0.031250 0.033333
0 0.490885 0.794444 0.030729 0.024074
0 0.460677 0.829167 0.032813 0.034259
0 0.430729 0.860185 0.029167 0.037037
0 0.416406 0.895833 0.032813 0.036111
0 0.474740 0.858333 0.025521 0.037037
0 0.500521 0.824537 0.028125 0.028704
0 0.484896 0.833796 0.015625 0.043519
0 0.488281 0.904630 0.027604 0.035185
0 0.492448 0.856944 0.028646 0.039815
0 0.422135 0.941204 0.023438 0.030556
0 0.481250 0.960185 0.029167 0.020370
0 0.552604 0.038889 0.013542 0.012963
0 0.547917 0.057870 0.014583 0.028704
0 0.555729 0.073611 0.021875 0.032407
0 0.539844 0.102315 0.016146 0.025000
0 0.529167 0.126852 0.017708 0.018519
0 0.526563 0.144907 0.019792 0.026852
0 0.544792 0.122685 0.017708 0.019444
0 0.539583 0.137037 0.020833 0.024074
0 0.548698 0.163889 0.017188 0.031481
0 0.560417 0.160185 0.018750 0.024074
0 0.532292 0.242130 0.013542 0.037963
0 0.551042 0.206944 0.021875 0.021296
0 0.552604 0.223148 0.018750 0.031481
0 0.561198 0.248148 0.021354 0.022222
0 0.567448 0.215741 0.024479 0.024074
0 0.579427 0.240278 0.019271 0.026852
0 0.570312 0.041204 0.015625 0.019444
0 0.584896 0.050000 0.017708 0.033333
0 0.571094 0.061111 0.019271 0.024074
0 0.600000 0.053704 0.022917 0.025926
0 0.613802 0.043981 0.019271 0.028704
0 0.614062 0.068519 0.018750 0.022222
0 0.571875 0.081019 0.019792 0.019444
0 0.575521 0.108333 0.020833 0.025926
0 0.568750 0.129630 0.021875 0.024074
0 0.557552 0.097685 0.016146 0.017593
0 0.589583 0.107407 0.017708 0.031481
0 0.595052 0.078241 0.014063 0.034259
0 0.610156 0.097685 0.018229 0.019444
0 0.585417 0.136574 0.016667 0.025000
0 0.581250 0.154630 0.017708 0.020370
0 0.588021 0.188426 0.025000 0.023148
0 0.590365 0.207870 0.021354 0.028704
0 0.604427 0.137500 0.011979 0.019444
0 0.600781 0.151389 0.016146 0.019444
0 0.607292 0.171296 0.016667 0.018519
0 0.608594 0.190278 0.017188 0.030556
0 0.605729 0.225463 0.020833 0.021296
0 0.635417 0.063889 0.010417 0.029630
0 0.641406 0.101389 0.022396 0.023148
0 0.631250 0.153704 0.016667 0.029630
0 0.623958 0.187963 0.017708 0.022222
0 0.637240 0.189815 0.019271 0.024074
0 0.621615 0.211574 0.019271 0.023148
0 0.625000 0.232407 0.017708 0.024074
0 0.641146 0.212500 0.014583 0.032407
0 0.644531 0.254167 0.021354 0.028704
0 0.658073 0.044444 0.016146 0.025926
0 0.673438 0.044907 0.010417 0.026852
0 0.660417 0.097222 0.018750 0.027778
0 0.650000 0.126852 0.017708 0.027778
0 0.650260 0.144444 0.016146 0.033333
0 0.663542 0.149074 0.022917 0.022222
0 0.656771 0.169444 0.018750 0.024074
0 0.670052 0.166204 0.021354 0.023148
0 0.656510 0.191667 0.026562 0.025926
0 0.676042 0.201389 0.015625 0.032407
0 0.674740 0.118981 0.019271 0.032407
0 0.691406 0.094907 0.019271 0.025000
0 0.722656 0.087037 0.018229 0.031481
0 0.704688 0.117593 0.018750 0.029630
0 0.739844 0.094907 0.015104 0.034259
0 0.728125 0.112037 0.019792 0.024074
0 0.735156 0.137963 0.022396 0.035185
0 0.743750 0.184722 0.030208 0.037963
0 0.741667 0.227315 0.027083 0.039815
0 0.887500 0.117593 0.016667 0.040741
0 0.924740 0.196296 0.024479 0.044444
