0 0.082878 0.037269 0.011328 0.021759
0 0.102409 0.039583 0.019922 0.026389
0 0.046875 0.177778 0.021615 0.044444
0 0.119010 0.323380 0.011979 0.029630
0 0.155990 0.254282 0.011198 0.023843
0 0.163672 0.506713 0.019531 0.033333
0 0.154492 0.571296 0.017057 0.039352
0 0.016667 0.826620 0.028646 0.025000
0 0.022852 0.856713 0.025651 0.031481
0 0.046875 0.831019 0.019531 0.032870
0 0.023047 0.903125 0.026042 0.034028
0 0.020508 0.958449 0.023828 0.023843
0 0.038411 0.926505 0.016927 0.030787
0 0.060807 0.918171 0.024219 0.021991
0 0.046680 0.873843 0.026432 0.031944
0 0.063672 0.831713 0.017708 0.027778
0 0.084115 0.836227 0.026042 0.028935
0 0.111784 0.795023 0.015495 0.039120
0 0.135547 0.791319 0.029687 0.028935
0 0.125911 0.834028 0.017708 0.033333
0 0.147786 0.821759 0.022396 0.029630
0 0.147656 0.849769 0.025000 0.036574
0 0.176563 0.777083 0.027865 0.031481
0 0.170052 0.823032 0.028646 0.029398
0 0.194987 0.785069 0.018359 0.035880
0 0.204622 0.851736 0.020964 0.034028
0 0.184701 0.939468 0.027474 0.032176
0 0.184440 0.939005 0.027474 0.032176
0 0.184180 0.938542 0.027474 0.032176
0 0.210547 0.892245 0.024219 0.040509
0 0.214583 0.769329 0.021354 0.030324
0 0.225586 0.817014 0.024609 0.035417
0 0.244727 0.832986 0.014453 0.041898
0 0.226497 0.857176 0.023568 0.039815
0 0.230469 0.885069 0.025000 0.027546
0 0.240365 0.899884 0.022396 0.026157
0 0.227018 0.924653 0.031120 0.030787
0 0.252148 0.940741 0.018359 0.038426
0 0.273503 0.926968 0.026432 0.035417
0 0.260872 0.862963 0.032161 0.041204
0 0.283073 0.880208 0.018750 0.048843
0 0.303125 0.916667 0.022135 0.036574
0 0.288151 0.954861 0.022396 0.026852
0 0.318164 0.955208 0.015234 0.030324
0 0.339844 0.927199 0.021615 0.030787
0 0.327214 0.899884 0.025260 0.035417
0 0.346029 0.882176 0.015234 0.041204
0 0.300977 0.853588 0.024870 0.035417
0 0.325781 0.858449 0.023177 0.033565
0 0.350846 0.840394 0.029297 0.029398
0 0.328841 0.801505 0.019922 0.046991
0 0.294596 0.813079 0.031120 0.031713
0 0.306250 0.790625 0.025260 0.039120
0 0.274023 0.774884 0.029557 0.027083
0 0.256315 0.761343 0.020964 0.031019
0 0.237826 0.758102 0.020964 0.031944
0 0.224674 0.695370 0.024870 0.030093
0 0.229687 0.722106 0.017708 0.038657
0 0.258854 0.723380 0.029687 0.028241
0 0.274023 0.742014 0.023828 0.038657
0 0.294987 0.727199 0.017318 0.045139
0 0.332227 0.754861 0.024609 0.036111
0 0.360417 0.742940 0.019531 0.039120
0 0.359896 0.696296 0.014063 0.041204
0 0.311979 0.697685 0.016667 0.044907
0 0.286719 0.698032 0.026823 0.027546
0 0.271680 0.693750 0.019141 0.036111
0 0.251953 0.680671 0.025260 0.028935
0 0.240755 0.660995 0.017969 0.029398
0 0.263932 0.658449 0.022396 0.028472
0 0.289258 0.655208 0.017318 0.029398
0 0.304232 0.663194 0.022005 0.026389
0 0.330273 0.683796 0.023568 0.037963
0 0.352018 0.655440 0.019141 0.025231
0 0.258268 0.631366 0.032161 0.037269
0 0.258854 0.575579 0.023958 0.025694
0 0.281445 0.607292 0.026432 0.022454
0 0.282487 0.633681 0.019141 0.028935
0 0.302474 0.639236 0.017708 0.032176
0 0.312370 0.617940 0.021615 0.021991
0 0.321810 0.641435 0.020964 0.031481
0 0.354883 0.602083 0.020703 0.019907
0 0.367513 0.583565 0.013411 0.025000
0 0.371810 0.592824 0.009766 0.019444
0 0.384375 0.601852 0.020313 0.020370
0 0.263542 0.518634 0.019531 0.027546
0 0.286523 0.579051 0.022786 0.050694
0 0.291211 0.536921 0.029297 0.021991
0 0.317057 0.559375 0.016667 0.037269
0 0.299935 0.584144 0.012630 0.035417
0 0.315951 0.584491 0.018099 0.026852
0 0.260872 0.496065 0.019922 0.030093
0 0.261003 0.466088 0.013672 0.032176
0 0.275326 0.480324 0.019141 0.024537
0 0.288867 0.461690 0.010807 0.030787
0 0.276888 0.456250 0.018099 0.030093
0 0.306380 0.475810 0.011979 0.038657
0 0.313802 0.506134 0.021615 0.032176
0 0.336458 0.525926 0.024219 0.029630
0 0.353841 0.542361 0.029297 0.023611
0 0.376042 0.552431 0.023177 0.032176
0 0.355208 0.576852 0.020573 0.029630
0 0.342708 0.489699 0.022396 0.027546
0 0.393164 0.479630 0.022786 0.023148
0 0.374935 0.477662 0.027474 0.032176
0 0.357227 0.468750 0.025391 0.031944
0 0.326497 0.460069 0.018099 0.027546
0 0.346680 0.456250 0.031120 0.032870
0 0.301172 0.444329 0.020313 0.021991
0 0.317643 0.433102 0.022786 0.021296
0 0.288477 0.428241 0.028255 0.026852
0 0.268424 0.432060 0.019922 0.027083
0 0.265885 0.403241 0.026302 0.023148
0 0.269661 0.377431 0.026042 0.021991
0 0.258789 0.359375 0.020964 0.025694
0 0.285221 0.372222 0.018099 0.028241
0 0.304362 0.387731 0.020964 0.020370
0 0.313997 0.401273 0.024870 0.030787
0 0.338021 0.392940 0.026042 0.025694
0 0.359180 0.411574 0.035026 0.023148
0 0.376367 0.435301 0.025391 0.027083
0 0.392643 0.442130 0.021745 0.025000
0 0.392122 0.402894 0.027734 0.023843
0 0.368424 0.384491 0.031120 0.031019
0 0.328125 0.373843 0.018490 0.031481
0 0.300977 0.339815 0.024870 0.023611
0 0.308398 0.364583 0.020182 0.021759
0 0.257357 0.323727 0.018099 0.017361
0 0.273438 0.317940 0.024219 0.032639
0 0.269141 0.343750 0.013281 0.025000
0 0.281120 0.348495 0.020573 0.028472
0 0.307812 0.316088 0.014844 0.023843
0 0.324674 0.351736 0.017318 0.024306
0 0.342578 0.350463 0.020573 0.033333
0 0.264062 0.290625 0.022135 0.028472
0 0.279818 0.273264 0.019531 0.025694
0 0.297201 0.267824 0.014453 0.027778
0 0.285938 0.247222 0.019531 0.018519
0 0.270573 0.231134 0.020573 0.023843
0 0.271484 0.201620 0.021615 0.026389
0 0.250521 0.159722 0.020313 0.025000
0 0.278581 0.176157 0.016276 0.015278
0 0.269727 0.168056 0.015234 0.019907
0 0.294987 0.188310 0.017318 0.020602
0 0.298242 0.170718 0.020182 0.023843
0 0.311979 0.212500 0.015885 0.027778
0 0.307487 0.236574 0.019141 0.023148
0 0.298438 0.152662 0.015625 0.023843
0 0.277995 0.139815 0.015104 0.026389
0 0.295573 0.140856 0.016927 0.020602
0 0.317773 0.270023 0.010807 0.015509
0 0.310742 0.257523 0.011849 0.021065
0 0.320833 0.291319 0.011198 0.025694
0 0.335872 0.302778 0.018880 0.018056
0 0.330859 0.325694 0.015885 0.034259
0 0.350000 0.296528 0.016667 0.023148
0 0.356836 0.307639 0.018099 0.019907
0 0.370638 0.322106 0.024609 0.024306
0 0.372201 0.343056 0.015495 0.022685
0 0.385612 0.332407 0.013411 0.024537
0 0.417448 0.478356 0.021354 0.025694
0 0.396289 0.543287 0.016536 0.034722
0 0.395703 0.647917 0.024219 0.026389
0 0.395182 0.678704 0.025260 0.035185
0 0.390104 0.705671 0.032552 0.022454
0 0.377799 0.746528 0.017318 0.043519
0 0.403516 0.726273 0.015885 0.036806
0 0.421810 0.732407 0.019141 0.036111
0 0.406966 0.752315 0.019141 0.029630
0 0.395378 0.779630 0.033724 0.034259
0 0.372396 0.810185 0.022396 0.031019
0 0.379102 0.832986 0.017839 0.025231
0 0.384180 0.857176 0.017057 0.036111
0 0.432292 0.785185 0.024219 0.041204
0 0.447461 0.758449 0.024870 0.034028
0 0.405339 0.800231 0.016667 0.036574
0 0.408398 0.841319 0.017057 0.028935
0 0.363672 0.945833 0.026042 0.026852
0 0.395247 0.941088 0.027474 0.030324
0 0.401172 0.885069 0.016927 0.034028
0 0.412565 0.872222 0.015234 0.027778
0 0.435482 0.857407 0.019922 0.041667
0 0.424479 0.923958 0.018750 0.038657
0 0.448372 0.906944 0.020964 0.046759
0 0.455013 0.858102 0.019141 0.036574
0 0.470833 0.846528 0.019531 0.036574
0 0.513151 0.932986 0.023177 0.024306
0 0.496810 0.955556 0.020964 0.024537
0 0.485938 0.133565 0.019271 0.021759
0 0.498633 0.389005 0.020443 0.024306
0 0.503125 0.365741 0.020313 0.023148
0 0.516471 0.335648 0.017578 0.025000
0 0.525977 0.283333 0.014453 0.023148
0 0.532357 0.259954 0.018099 0.022685
0 0.515625 0.383218 0.014063 0.023843
0 0.521289 0.363310 0.018099 0.020139
0 0.531641 0.308796 0.019010 0.028704
0 0.552539 0.245602 0.011068 0.027315
0 0.550391 0.267824 0.019792 0.023148
0 0.567578 0.247801 0.013281 0.024769
0 0.585677 0.252083 0.020052 0.022222
0 0.549609 0.292130 0.015885 0.026852
0 0.566146 0.279977 0.016667 0.030787
0 0.581315 0.281481 0.020964 0.022685
0 0.598958 0.269444 0.016146 0.028704
0 0.598112 0.298380 0.017839 0.023148
0 0.577344 0.312037 0.016406 0.035185
0 0.551432 0.316782 0.019531 0.024769
0 0.536133 0.334144 0.023047 0.021991
0 0.552799 0.350000 0.018359 0.026852
0 0.568229 0.347801 0.015885 0.031250
0 0.547135 0.379745 0.019531 0.020602
0 0.525781 0.412731 0.016927 0.029167
0 0.538802 0.411227 0.019792 0.026157
0 0.563151 0.382407 0.018750 0.022222
0 0.561328 0.406366 0.017188 0.019676
0 0.591992 0.334838 0.017578 0.026620
0 0.586458 0.377431 0.016146 0.032176
0 0.579883 0.398611 0.017578 0.024074
0 0.524805 0.471065 0.018880 0.024074
0 0.504297 0.506019 0.018750 0.028704
0 0.526628 0.489120 0.017057 0.032407
0 0.542643 0.486574 0.023047 0.022222
0 0.537435 0.523148 0.020964 0.021759
0 0.558529 0.516551 0.021224 0.024769
0 0.565885 0.451620 0.019531 0.024537
0 0.568815 0.479282 0.020964 0.021528
0 0.587240 0.503125 0.022135 0.020139
0 0.588477 0.431597 0.021745 0.025694
0 0.591016 0.462384 0.016667 0.026157
0 0.608594 0.454745 0.020052 0.025694
0 0.614518 0.406829 0.014974 0.036806
0 0.604753 0.482407 0.017057 0.023611
0 0.608724 0.510069 0.016406 0.030787
0 0.619596 0.298148 0.017318 0.028704
0 0.626432 0.256944 0.019010 0.023611
0 0.628125 0.490046 0.008854 0.035185
0 0.622917 0.456944 0.016927 0.023148
0 0.629687 0.526389 0.017448 0.022222
0 0.628516 0.547338 0.019792 0.026620
0 0.663411 0.481829 0.016406 0.029861
0 0.639844 0.462037 0.018750 0.023148
0 0.661654 0.458218 0.026693 0.024769
0 0.659701 0.430324 0.022005 0.023148
0 0.638346 0.424190 0.014453 0.025231
0 0.638867 0.400579 0.016797 0.033102
0 0.637891 0.376620 0.019792 0.024537
0 0.653451 0.407639 0.023307 0.025000
0 0.664323 0.374653 0.020052 0.031713
0 0.640169 0.229167 0.022005 0.022685
0 0.653581 0.216204 0.014453 0.033796
0 0.658138 0.242361 0.013932 0.029630
0 0.672005 0.249884 0.018490 0.024769
0 0.647396 0.275810 0.016146 0.036343
0 0.664388 0.275810 0.013932 0.038194
0 0.649219 0.342477 0.020313 0.026620
0 0.682161 0.351042 0.019531 0.027546
0 0.699023 0.384722 0.019922 0.027778
0 0.717448 0.348958 0.016927 0.031713
0 0.737500 0.354514 0.016927 0.038657
0 0.726367 0.377199 0.024089 0.036806
0 0.730859 0.415625 0.023438 0.030324
0 0.743424 0.481829 0.024349 0.041898
0 0.745703 0.538657 0.029427 0.030556
