0 0.101302 0.040741 0.023438 0.022222
0 0.082292 0.037963 0.010417 0.014815
0 0.048698 0.181944 0.027604 0.043519
0 0.177604 0.160185 0.021875 0.024074
0 0.119531 0.324537 0.013021 0.028704
0 0.276562 0.040741 0.016667 0.016667
0 0.276823 0.053704 0.019271 0.020370
0 0.262760 0.063426 0.018229 0.025000
0 0.271875 0.073611 0.019792 0.025000
0 0.296875 0.043519 0.016667 0.020370
0 0.293490 0.059259 0.018229 0.031481
0 0.306771 0.064815 0.014583 0.024074
0 0.313021 0.076852 0.013542 0.033333
0 0.350000 0.039815 0.019792 0.018519
0 0.354427 0.068981 0.020313 0.021296
0 0.376302 0.067593 0.014063 0.031481
0 0.373437 0.090741 0.021875 0.022222
0 0.346094 0.084259 0.025521 0.024074
0 0.325260 0.099074 0.022396 0.027778
0 0.345573 0.118056 0.021354 0.026852
0 0.293750 0.095370 0.015625 0.025926
0 0.279948 0.114352 0.013021 0.043519
0 0.303385 0.117593 0.017188 0.022222
0 0.327344 0.121296 0.017188 0.031481
0 0.294531 0.135648 0.018229 0.028704
0 0.250260 0.159259 0.023438 0.025926
0 0.268229 0.171296 0.014583 0.025926
0 0.283073 0.156481 0.015104 0.025926
0 0.299219 0.156019 0.018229 0.026852
0 0.299219 0.174074 0.026562 0.022222
0 0.278125 0.174074 0.018750 0.029630
0 0.271094 0.203241 0.024479 0.032407
0 0.296094 0.192130 0.026562 0.023148
0 0.312240 0.212037 0.019271 0.029630
0 0.268750 0.225926 0.022917 0.022222
0 0.284896 0.244907 0.020833 0.026852
0 0.307292 0.240278 0.021875 0.023148
0 0.310417 0.256019 0.017708 0.021296
0 0.318490 0.268519 0.023438 0.016667
0 0.295052 0.266667 0.017188 0.025926
0 0.278646 0.276389 0.023958 0.025000
0 0.261979 0.291667 0.017708 0.016667
0 0.254167 0.321759 0.017708 0.021296
0 0.271615 0.314815 0.020313 0.024074
0 0.291927 0.302315 0.018229 0.039815
0 0.322135 0.291667 0.015104 0.031481
0 0.307552 0.313889 0.017188 0.027778
0 0.335938 0.302778 0.019792 0.025926
0 0.348177 0.296296 0.016146 0.025926
0 0.486979 0.129630 0.023958 0.016667
0 0.359896 0.307870 0.021875 0.025000
0 0.258594 0.357870 0.021354 0.021296
0 0.267969 0.343981 0.015104 0.023148
0 0.280469 0.348611 0.020313 0.028704
0 0.298958 0.339815 0.025000 0.024074
0 0.328385 0.326389 0.014063 0.028704
0 0.345833 0.319907 0.025000 0.030556
0 0.369531 0.319444 0.023438 0.022222
0 0.384896 0.332407 0.019792 0.027778
0 0.267708 0.379167 0.026042 0.025000
0 0.288281 0.371296 0.022396 0.018519
0 0.308073 0.365278 0.023438 0.023148
0 0.323958 0.350926 0.019792 0.031481
0 0.341406 0.346759 0.021354 0.037963
0 0.372135 0.341667 0.019271 0.029630
0 0.263802 0.401852 0.021354 0.020370
0 0.302344 0.388426 0.030729 0.034259
0 0.325000 0.374074 0.016667 0.029630
0 0.339323 0.395370 0.028646 0.027778
0 0.368229 0.386111 0.026042 0.027778
0 0.267448 0.430556 0.021354 0.027778
0 0.287240 0.427315 0.029687 0.026852
0 0.314063 0.403241 0.021875 0.026852
0 0.358333 0.411574 0.028125 0.030556
0 0.392188 0.403241 0.031250 0.030556
0 0.163021 0.504167 0.022917 0.039815
0 0.155729 0.571759 0.028125 0.050926
0 0.261719 0.461111 0.014063 0.042593
0 0.274479 0.482870 0.023958 0.023148
0 0.274740 0.456944 0.018229 0.032407
0 0.289323 0.464815 0.014063 0.040741
0 0.297135 0.443519 0.018229 0.031481
0 0.315365 0.431944 0.023438 0.034259
0 0.376302 0.433333 0.021354 0.025926
0 0.392708 0.445370 0.022917 0.031481
0 0.325781 0.459722 0.021354 0.025000
0 0.344792 0.452778 0.027083 0.025926
0 0.304427 0.479630 0.019271 0.031481
0 0.339062 0.488889 0.023958 0.029630
0 0.358073 0.467130 0.022396 0.025000
0 0.372656 0.473148 0.022396 0.031481
0 0.390885 0.477778 0.023438 0.027778
0 0.419531 0.478241 0.030729 0.021296
0 0.264844 0.519907 0.020313 0.026852
0 0.259635 0.494444 0.020313 0.031481
0 0.289583 0.537037 0.030208 0.024074
0 0.316406 0.507870 0.029687 0.025000
0 0.336719 0.525926 0.030729 0.024074
0 0.353646 0.542593 0.026042 0.024074
0 0.399479 0.542130 0.020833 0.043519
0 0.373177 0.553704 0.025521 0.031481
0 0.258594 0.571759 0.021354 0.026852
0 0.282552 0.569907 0.027604 0.039815
0 0.301042 0.580556 0.016667 0.042593
0 0.317969 0.563426 0.016146 0.034259
0 0.354948 0.575463 0.019271 0.026852
0 0.355729 0.604167 0.019792 0.025000
0 0.366667 0.581944 0.017708 0.032407
0 0.371875 0.595370 0.012500 0.025926
0 0.379427 0.602315 0.017188 0.025000
0 0.017708 0.822685 0.031250 0.032407
0 0.045573 0.828704 0.022396 0.037037
0 0.019271 0.853241 0.021875 0.025000
0 0.044010 0.868519 0.025521 0.033333
0 0.023958 0.899074 0.022917 0.033333
0 0.038021 0.919907 0.017708 0.045370
0 0.063542 0.912963 0.032292 0.033333
0 0.019271 0.954167 0.023958 0.019444
0 0.064844 0.827778 0.021354 0.027778
0 0.079948 0.836574 0.029687 0.028704
0 0.111719 0.796759 0.018229 0.043519
0 0.135156 0.793056 0.033854 0.026852
0 0.125781 0.835185 0.023438 0.037037
0 0.146615 0.819907 0.027604 0.034259
0 0.152604 0.849074 0.041667 0.037037
0 0.176302 0.777315 0.028646 0.034259
0 0.169531 0.818056 0.022396 0.032407
0 0.196094 0.788889 0.022396 0.038889
0 0.280208 0.609722 0.022917 0.025000
0 0.299740 0.601389 0.018229 0.021296
0 0.310677 0.616204 0.023438 0.032407
0 0.257552 0.626389 0.031771 0.034259
0 0.243750 0.660648 0.020833 0.030556
0 0.263281 0.656944 0.024479 0.028704
0 0.282813 0.633796 0.018750 0.039815
0 0.288802 0.653241 0.016146 0.039815
0 0.302344 0.636574 0.016146 0.037963
0 0.320312 0.640741 0.020833 0.027778
0 0.225781 0.695833 0.026562 0.032407
0 0.253646 0.681019 0.023958 0.025000
0 0.232031 0.725000 0.017188 0.037037
0 0.215365 0.771296 0.023438 0.038889
0 0.238281 0.765278 0.027604 0.036111
0 0.272396 0.693056 0.017708 0.043519
0 0.261198 0.722222 0.029687 0.035185
0 0.290625 0.698611 0.034375 0.036111
0 0.312500 0.698611 0.015625 0.049074
0 0.205729 0.852315 0.025000 0.041667
0 0.226302 0.812037 0.026562 0.022222
0 0.187240 0.938426 0.027604 0.037963
0 0.210938 0.890278 0.023958 0.039815
0 0.227083 0.924074 0.032292 0.031481
0 0.228125 0.856481 0.028125 0.033333
0 0.242708 0.834259 0.014583 0.038889
0 0.240885 0.901389 0.027604 0.030556
0 0.263281 0.868519 0.031771 0.035185
0 0.252344 0.937963 0.021354 0.042593
0 0.275781 0.925000 0.031771 0.046296
0 0.257031 0.762500 0.024479 0.037963
0 0.269531 0.773148 0.027604 0.029630
0 0.276042 0.737037 0.027083 0.031481
0 0.296354 0.725926 0.018750 0.044444
0 0.306510 0.793519 0.026562 0.038889
0 0.294531 0.813889 0.026562 0.027778
0 0.303125 0.856481 0.027083 0.040741
0 0.283594 0.875926 0.020313 0.050000
0 0.304688 0.914815 0.021875 0.029630
0 0.289844 0.957870 0.025521 0.025000
0 0.352344 0.656481 0.025521 0.038889
0 0.322135 0.650463 0.014063 0.043519
0 0.328646 0.680093 0.018750 0.041667
0 0.396615 0.650926 0.025521 0.025926
0 0.397396 0.685185 0.022917 0.046296
0 0.359115 0.697222 0.014063 0.050000
0 0.334635 0.755556 0.028646 0.048148
0 0.361198 0.738889 0.018229 0.044444
0 0.380208 0.745833 0.020833 0.050926
0 0.404948 0.726389 0.023438 0.041667
0 0.421094 0.732870 0.023438 0.047222
0 0.446354 0.755556 0.025000 0.038889
0 0.431771 0.783333 0.025000 0.042593
0 0.394792 0.781019 0.034375 0.039815
0 0.328125 0.806944 0.021875 0.050926
0 0.323698 0.859722 0.022396 0.037963
0 0.349219 0.840741 0.030729 0.033333
0 0.326823 0.900000 0.024479 0.029630
0 0.346094 0.884259 0.018229 0.044444
0 0.339844 0.926389 0.026562 0.037963
0 0.319010 0.953704 0.019271 0.029630
0 0.364063 0.943981 0.027083 0.028704
0 0.372656 0.813889 0.022396 0.025926
0 0.380208 0.833796 0.022917 0.032407
0 0.409115 0.842593 0.023438 0.042593
0 0.403906 0.798148 0.016146 0.046296
0 0.384115 0.856019 0.015104 0.039815
0 0.401042 0.882407 0.012500 0.044444
0 0.391927 0.939815 0.029687 0.035185
0 0.435937 0.853704 0.025000 0.050000
0 0.448177 0.910648 0.018229 0.045370
0 0.423438 0.924537 0.017708 0.056481
0 0.453906 0.857870 0.016146 0.036111
0 0.472135 0.840278 0.027604 0.047222
0 0.514583 0.931481 0.026042 0.029630
0 0.496875 0.953704 0.020833 0.031481
0 0.533594 0.260185 0.019271 0.027778
0 0.553125 0.243519 0.012500 0.037037
0 0.566927 0.247222 0.017188 0.029630
0 0.584896 0.252778 0.018750 0.024074
0 0.641406 0.231019 0.024479 0.032407
0 0.653906 0.219907 0.017188 0.037963
0 0.526823 0.282870 0.016146 0.025000
0 0.531510 0.311574 0.021354 0.032407
0 0.515885 0.340278 0.018229 0.028704
0 0.503906 0.367130 0.023438 0.017593
0 0.498177 0.392130 0.021354 0.028704
0 0.520052 0.384259 0.027604 0.025926
0 0.524740 0.413426 0.017188 0.039815
0 0.540365 0.415741 0.022396 0.033333
0 0.526042 0.472222 0.019792 0.027778
0 0.506771 0.511111 0.013542 0.038889
0 0.528385 0.493056 0.019271 0.036111
0 0.544010 0.487037 0.025521 0.025926
0 0.537500 0.521759 0.022917 0.028704
0 0.557813 0.516667 0.021875 0.033333
0 0.550781 0.268519 0.018229 0.022222
0 0.551302 0.291667 0.019271 0.027778
0 0.564063 0.280093 0.012500 0.037963
0 0.580208 0.281019 0.023958 0.025000
0 0.552604 0.316667 0.022917 0.029630
0 0.575781 0.312500 0.015104 0.036111
0 0.553125 0.350000 0.019792 0.029630
0 0.547396 0.377778 0.022917 0.031481
0 0.570573 0.348148 0.017188 0.033333
0 0.565885 0.381944 0.023438 0.021296
0 0.560417 0.407407 0.021875 0.024074
0 0.566927 0.450926 0.021354 0.024074
0 0.569792 0.476852 0.019792 0.025926
0 0.587500 0.503241 0.023958 0.023148
0 0.597396 0.273611 0.019792 0.034259
0 0.600000 0.298148 0.021875 0.024074
0 0.595052 0.337500 0.023438 0.025000
0 0.587760 0.378704 0.018229 0.035185
0 0.580469 0.400926 0.018229 0.024074
0 0.587500 0.430093 0.021875 0.030556
0 0.590885 0.458796 0.021354 0.030556
0 0.603906 0.481481 0.020313 0.025926
0 0.609375 0.510648 0.021875 0.037963
0 0.608854 0.455093 0.030208 0.036111
0 0.614583 0.410648 0.019792 0.043519
0 0.627604 0.255556 0.021875 0.033333
0 0.648177 0.278241 0.018229 0.032407
0 0.677083 0.245370 0.028125 0.027778
0 0.657552 0.243981 0.020313 0.039815
0 0.619271 0.297685 0.015625 0.036111
0 0.625781 0.341204 0.020313 0.032407
0 0.650260 0.343519 0.025521 0.029630
0 0.639583 0.377778 0.022917 0.029630
0 0.639583 0.402778 0.019792 0.040741
0 0.655208 0.411574 0.027083 0.030556
0 0.620573 0.457407 0.020313 0.027778
0 0.645573 0.437037 0.022396 0.033333
0 0.640365 0.462037 0.023438 0.027778
0 0.661979 0.457870 0.030208 0.034259
0 0.628906 0.490741 0.016146 0.044444
0 0.663281 0.482870 0.019271 0.041667
0 0.630469 0.527778 0.025521 0.024074
0 0.628906 0.548148 0.023438 0.029630
0 0.665625 0.278704 0.014583 0.037037
0 0.665365 0.372222 0.021354 0.031481
0 0.683333 0.351389 0.025000 0.028704
0 0.718490 0.349537 0.020313 0.039815
0 0.700521 0.381481 0.022917 0.033333
0 0.739062 0.353704 0.018750 0.042593
0 0.722135 0.377315 0.022396 0.032407
0 0.730729 0.418056 0.027083 0.028704
0 0.746354 0.483333 0.029167 0.040741
0 0.748698 0.545370 0.044271 0.053704
