0 0.033203 0.104282 0.045573 0.052083
0 0.016667 0.150463 0.033073 0.057870
0 0.050716 0.191667 0.049609 0.047685
0 0.084505 0.159838 0.057031 0.062269
0 0.105273 0.212731 0.043099 0.043519
0 0.079622 0.259028 0.050391 0.049074
0 0.021549 0.348611 0.042839 0.057870
0 0.074349 0.393519 0.056250 0.072222
0 0.028320 0.480324 0.048828 0.101389
0 0.044661 0.547569 0.040625 0.065046
0 0.046680 0.681481 0.085547 0.115741
0 0.021159 0.625000 0.042057 0.069444
0 0.084505 0.741435 0.083073 0.128704
0 0.027279 0.883218 0.054297 0.157639
0 0.140299 0.274190 0.043099 0.041898
0 0.137044 0.335764 0.048047 0.075231
0 0.145573 0.407292 0.060156 0.062269
0 0.131706 0.468750 0.060286 0.069444
0 0.115039 0.544097 0.100130 0.098380
0 0.164714 0.636574 0.111458 0.095370
0 0.187500 0.714005 0.083854 0.152083
0 0.100781 0.917361 0.156250 0.104167
0 0.184180 0.243750 0.035026 0.068056
0 0.172461 0.287153 0.035807 0.053472
0 0.215104 0.261111 0.038281 0.102778
0 0.199674 0.318287 0.046484 0.057870
0 0.193164 0.377662 0.052995 0.133102
0 0.228971 0.349421 0.041536 0.079398
0 0.262305 0.238657 0.056120 0.081019
0 0.287956 0.197569 0.027734 0.065046
0 0.289193 0.083912 0.044792 0.049306
0 0.327409 0.084722 0.035026 0.056481
0 0.370573 0.086111 0.038281 0.091204
0 0.368555 0.243056 0.042318 0.069444
0 0.327865 0.300231 0.040625 0.073611
0 0.282682 0.344329 0.070833 0.063657
0 0.294076 0.389931 0.072526 0.073843
0 0.311979 0.436921 0.083854 0.072454
0 0.222461 0.541088 0.070703 0.107176
0 0.233464 0.824653 0.122135 0.101157
0 0.301823 0.748727 0.115625 0.099769
0 0.317708 0.888310 0.103385 0.084028
0 0.392578 0.834838 0.078906 0.156250
0 0.364909 0.620718 0.080599 0.086806
0 0.406771 0.245255 0.050521 0.056250
0 0.387240 0.330671 0.040625 0.088194
0 0.378320 0.434144 0.048828 0.098380
0 0.414909 0.376968 0.040755 0.096991
0 0.444206 0.345023 0.056901 0.073843
0 0.463346 0.180208 0.044661 0.073843
0 0.493099 0.093287 0.039062 0.082407
0 0.540690 0.065856 0.056120 0.071065
0 0.593555 0.057176 0.036589 0.042130
0 0.533789 0.172222 0.055339 0.072222
0 0.496289 0.273495 0.034245 0.084028
0 0.593555 0.217014 0.069141 0.066435
0 0.581771 0.274884 0.050521 0.066435
0 0.568359 0.350116 0.038281 0.066435
0 0.515039 0.371875 0.069922 0.063657
0 0.401497 0.516435 0.092057 0.081019
0 0.523568 0.462269 0.049740 0.091204
0 0.481706 0.576620 0.061849 0.128704
0 0.462565 0.698843 0.069141 0.104167
0 0.531706 0.670602 0.059505 0.114352
0 0.568294 0.410995 0.048047 0.063657
0 0.628190 0.426852 0.074870 0.078241
0 0.597591 0.494907 0.054557 0.081019
0 0.657422 0.195255 0.044010 0.052083
0 0.656185 0.248958 0.067578 0.063657
0 0.646029 0.325579 0.055339 0.063657
0 0.718880 0.203356 0.039844 0.073843
0 0.722917 0.283565 0.046354 0.049074
0 0.708724 0.324074 0.053646 0.055093
0 0.751432 0.335648 0.049740 0.066667
0 0.784375 0.233681 0.052083 0.062269
0 0.830339 0.259722 0.044792 0.076852
0 0.850326 0.230093 0.066797 0.081019
0 0.820964 0.350116 0.058594 0.063657
0 0.773372 0.376968 0.054557 0.073843
0 0.860938 0.326968 0.045573 0.084028
0 0.916211 0.313310 0.043880 0.062269
0 0.866146 0.416667 0.072396 0.081019
0 0.926823 0.376157 0.058594 0.078241
0 0.962630 0.420255 0.063542 0.076620
0 0.982096 0.513657 0.035807 0.130093
0 0.975586 0.614236 0.048828 0.099769
0 0.927604 0.692245 0.078125 0.096991
