0 0.029427 0.101852 0.053646 0.048148
0 0.015104 0.151389 0.029167 0.054630
0 0.085938 0.164352 0.058333 0.049074
0 0.054427 0.196296 0.060937 0.042593
0 0.103646 0.216204 0.050000 0.047222
0 0.078646 0.259259 0.064583 0.040741
0 0.024479 0.350000 0.047917 0.070370
0 0.070312 0.391204 0.064583 0.052778
0 0.028646 0.480093 0.056250 0.115741
0 0.041406 0.541667 0.054688 0.064815
0 0.138281 0.275926 0.054688 0.042593
0 0.179948 0.248148 0.045312 0.055556
0 0.172135 0.286574 0.036979 0.056481
0 0.132292 0.339815 0.057292 0.066667
0 0.113281 0.413426 0.036979 0.058333
0 0.143490 0.406019 0.057813 0.056481
0 0.159635 0.376389 0.047396 0.062037
0 0.132031 0.462963 0.091146 0.070370
0 0.115625 0.541204 0.100000 0.082407
0 0.215625 0.259722 0.039583 0.091667
0 0.202604 0.324074 0.057292 0.050000
0 0.195312 0.379167 0.040625 0.136111
0 0.236979 0.351852 0.045833 0.087037
0 0.218750 0.528241 0.084375 0.100926
0 0.287240 0.080093 0.050521 0.069444
0 0.252083 0.212037 0.035417 0.061111
0 0.283854 0.195370 0.045833 0.066667
0 0.259635 0.243981 0.052604 0.075000
0 0.286198 0.346296 0.061979 0.061111
0 0.311198 0.447685 0.088021 0.086111
0 0.292448 0.388426 0.080729 0.071296
0 0.321094 0.083796 0.045312 0.063889
0 0.370573 0.085185 0.043229 0.088889
0 0.362500 0.239352 0.056250 0.069444
0 0.364844 0.243056 0.051562 0.069444
0 0.420312 0.043981 0.040625 0.032407
0 0.403385 0.243519 0.054688 0.059259
0 0.388021 0.325926 0.033333 0.096296
0 0.328385 0.299537 0.036979 0.087963
0 0.378646 0.430093 0.064583 0.089815
0 0.357812 0.400926 0.039583 0.075926
0 0.439323 0.338889 0.054688 0.079630
0 0.417708 0.377778 0.036458 0.090741
0 0.400260 0.516667 0.098437 0.088889
0 0.021615 0.634259 0.042188 0.059259
0 0.046615 0.673148 0.085938 0.111111
0 0.079167 0.750000 0.096875 0.129630
0 0.038021 0.885648 0.075000 0.173148
0 0.100000 0.922685 0.146875 0.100926
0 0.191667 0.718981 0.085417 0.132407
0 0.164844 0.632407 0.094271 0.070370
0 0.371875 0.618981 0.111458 0.102778
0 0.306510 0.761574 0.121354 0.095370
0 0.230729 0.827778 0.133333 0.100000
0 0.317188 0.887037 0.101042 0.120370
0 0.396354 0.859259 0.089583 0.179630
0 0.479167 0.575926 0.071875 0.118519
0 0.533333 0.680093 0.062500 0.112037
0 0.594010 0.053241 0.038021 0.047222
0 0.538542 0.068519 0.047917 0.051852
0 0.493750 0.093056 0.037500 0.075000
0 0.468490 0.176389 0.052604 0.067593
0 0.542448 0.171759 0.072396 0.060185
0 0.500000 0.281019 0.038542 0.075000
0 0.519010 0.368519 0.067187 0.053704
0 0.451823 0.415741 0.060937 0.079630
0 0.519010 0.467593 0.054688 0.079630
0 0.570833 0.413889 0.061458 0.074074
0 0.565885 0.355556 0.049479 0.074074
0 0.583073 0.270833 0.050521 0.056481
0 0.595833 0.216667 0.067708 0.059259
0 0.654687 0.195370 0.042708 0.044444
0 0.657031 0.244444 0.067187 0.057407
0 0.645312 0.335648 0.065625 0.058333
0 0.621615 0.425463 0.073438 0.060185
0 0.599219 0.486111 0.063021 0.066667
0 0.715365 0.206481 0.047396 0.077778
0 0.725260 0.285185 0.050521 0.051852
0 0.708854 0.323148 0.050000 0.059259
0 0.744010 0.338889 0.050521 0.064815
0 0.779687 0.372222 0.047917 0.075926
0 0.784375 0.232870 0.053125 0.067593
0 0.853646 0.231019 0.060417 0.082407
0 0.831250 0.259259 0.037500 0.068519
0 0.819271 0.350000 0.051042 0.075926
0 0.858333 0.323611 0.053125 0.065741
0 0.865885 0.407870 0.068229 0.078704
0 0.920052 0.315278 0.046354 0.063889
0 0.925260 0.373148 0.054688 0.059259
0 0.960417 0.424074 0.070833 0.075926
0 0.983073 0.515741 0.033854 0.124074
0 0.966146 0.618519 0.065625 0.107407
0 0.930469 0.702778 0.082812 0.087037
