0 0.061719 0.045833 0.056771 0.030556
0 0.049479 0.081944 0.056250 0.037963
0 0.037240 0.132870 0.060937 0.065741
0 0.089583 0.113889 0.046875 0.038889
0 0.123438 0.097685 0.055208 0.049074
0 0.140104 0.140741 0.044792 0.042593
0 0.120573 0.170370 0.057813 0.046296
0 0.062500 0.254167 0.060417 0.056481
0 0.035156 0.301852 0.060937 0.092593
0 0.117708 0.293981 0.057292 0.065741
0 0.172656 0.191204 0.052604 0.049074
0 0.212500 0.164352 0.039583 0.056481
0 0.205469 0.200926 0.032813 0.055556
0 0.247135 0.177315 0.031771 0.091667
0 0.319271 0.113426 0.039583 0.071296
0 0.286458 0.125000 0.038542 0.050000
0 0.295312 0.161111 0.051042 0.068519
0 0.394271 0.150000 0.058333 0.055556
0 0.081250 0.361574 0.040625 0.073148
0 0.157552 0.297222 0.031771 0.064815
0 0.182031 0.295370 0.043229 0.051852
0 0.204948 0.272685 0.048438 0.058333
0 0.236198 0.253241 0.043229 0.126852
0 0.266406 0.250463 0.033854 0.067593
0 0.312240 0.243056 0.060937 0.060185
0 0.355729 0.205556 0.033333 0.061111
0 0.403906 0.223148 0.029687 0.068519
0 0.314063 0.275000 0.067708 0.048148
0 0.344531 0.307870 0.078646 0.062037
0 0.399740 0.299074 0.042188 0.085185
0 0.378385 0.292130 0.029687 0.062037
0 0.269792 0.375000 0.061458 0.075926
0 0.171094 0.371296 0.083854 0.079630
0 0.395833 0.436111 0.076042 0.070370
0 0.045312 0.427315 0.032292 0.041667
0 0.097917 0.391667 0.048958 0.059259
0 0.060677 0.461111 0.070312 0.059259
0 0.117708 0.473611 0.069792 0.086111
0 0.044792 0.563889 0.086458 0.100000
0 0.164062 0.516667 0.081250 0.112963
0 0.218490 0.450463 0.081771 0.071296
0 0.101823 0.634722 0.080729 0.149074
0 0.035677 0.704630 0.070312 0.120370
0 0.180469 0.647222 0.128646 0.096296
0 0.246615 0.504630 0.067187 0.114815
0 0.282552 0.589352 0.117188 0.087963
0 0.338542 0.538426 0.110417 0.076852
0 0.364063 0.634259 0.087500 0.094444
0 0.288281 0.714352 0.101562 0.113889
0 0.045052 0.828704 0.089063 0.142593
0 0.129948 0.929630 0.127604 0.092593
0 0.384115 0.736111 0.105729 0.111111
0 0.478646 0.715741 0.087500 0.127778
0 0.423438 0.874537 0.102083 0.119444
0 0.422396 0.364352 0.086458 0.052778
0 0.474740 0.093056 0.057813 0.060185
0 0.538281 0.093981 0.051562 0.052778
0 0.508333 0.192130 0.037500 0.087963
0 0.422656 0.150463 0.048438 0.060185
0 0.594531 0.134259 0.055729 0.044444
0 0.650000 0.117593 0.040625 0.061111
0 0.571875 0.250000 0.033333 0.062963
0 0.587500 0.183333 0.045833 0.055556
0 0.523698 0.267593 0.058854 0.055556
0 0.454427 0.235648 0.057813 0.062037
0 0.431250 0.262963 0.046875 0.092593
0 0.464583 0.294444 0.061458 0.077778
0 0.490625 0.406944 0.076042 0.113889
0 0.528125 0.343981 0.057292 0.080556
0 0.577865 0.301852 0.058854 0.066667
0 0.480729 0.507870 0.062500 0.089815
0 0.545052 0.505093 0.058854 0.089815
0 0.593490 0.366204 0.047396 0.076852
0 0.622396 0.312963 0.067708 0.077778
0 0.658594 0.156944 0.046354 0.060185
0 0.638802 0.230556 0.052604 0.061111
0 0.713021 0.125463 0.035417 0.076852
0 0.713802 0.198611 0.039062 0.045370
0 0.697917 0.226389 0.051042 0.060185
0 0.764844 0.143519 0.030729 0.051852
0 0.747917 0.212500 0.031250 0.071296
0 0.728646 0.251852 0.050000 0.075926
0 0.752604 0.280093 0.042708 0.087963
0 0.807813 0.171759 0.030208 0.076852
0 0.841406 0.154630 0.064062 0.051852
0 0.800781 0.227315 0.075521 0.130556
0 0.840104 0.231944 0.046875 0.078704
0 0.890625 0.222685 0.051042 0.052778
0 0.898177 0.265741 0.056771 0.070370
0 0.920312 0.300463 0.068750 0.082407
0 0.945573 0.357407 0.046354 0.109259
0 0.968229 0.317593 0.044792 0.075926
0 0.947656 0.447222 0.093229 0.109259
0 0.885417 0.519444 0.069792 0.068519
0 0.953125 0.633333 0.062500 0.112963
0 0.721094 0.841204 0.086979 0.121296
0 0.826562 0.833333 0.070833 0.125926
0 0.929688 0.906019 0.070833 0.137963
0 0.709375 0.925463 0.067708 0.082407
0 0.768750 0.916667 0.057292 0.112963
0 0.853125 0.927778 0.064583 0.100000
