0 0.017708 0.123148 0.034375 0.070370
0 0.056510 0.100000 0.043229 0.070370
0 0.164844 0.063889 0.041146 0.044444
0 0.179688 0.045370 0.029167 0.025926
0 0.115104 0.131481 0.044792 0.042593
0 0.093750 0.175463 0.055208 0.075000
0 0.055208 0.192130 0.042708 0.058333
0 0.030208 0.233796 0.032292 0.095370
0 0.167708 0.153241 0.039583 0.058333
0 0.211458 0.080556 0.041667 0.033333
0 0.026042 0.303241 0.050000 0.043519
0 0.038802 0.345833 0.076563 0.060185
0 0.018490 0.393056 0.035937 0.104630
0 0.057292 0.385648 0.113542 0.150926
0 0.037500 0.542130 0.073958 0.173148
0 0.145313 0.464352 0.085417 0.089815
0 0.125521 0.375463 0.079167 0.080556
0 0.148177 0.297222 0.088021 0.085185
0 0.144531 0.246759 0.051562 0.052778
0 0.224740 0.523148 0.108854 0.114815
0 0.158854 0.214352 0.045833 0.063889
0 0.231250 0.187037 0.064583 0.066667
0 0.248698 0.061111 0.026562 0.046296
0 0.241667 0.083333 0.029167 0.040741
0 0.321354 0.045370 0.045833 0.031481
0 0.277083 0.062963 0.028125 0.061111
0 0.275260 0.108333 0.060937 0.064815
0 0.233594 0.271759 0.051562 0.087963
0 0.194010 0.241667 0.066146 0.081481
0 0.272917 0.240741 0.061458 0.051852
0 0.314583 0.185648 0.045833 0.058333
0 0.377344 0.077315 0.026562 0.058333
0 0.344531 0.113889 0.052604 0.051852
0 0.349740 0.131944 0.046354 0.041667
0 0.373437 0.151389 0.060417 0.050926
0 0.257292 0.348148 0.092708 0.068519
0 0.299479 0.270370 0.046875 0.070370
0 0.187240 0.333796 0.050521 0.063889
0 0.331771 0.316204 0.085417 0.075000
0 0.387240 0.301852 0.061979 0.053704
0 0.419271 0.228241 0.070833 0.063889
0 0.420833 0.106019 0.029167 0.049074
0 0.466927 0.106019 0.042188 0.054630
0 0.510156 0.068981 0.029687 0.067593
0 0.473438 0.146759 0.041667 0.052778
0 0.442969 0.124537 0.034896 0.069444
0 0.421354 0.150000 0.040625 0.070370
0 0.445833 0.184259 0.064583 0.066667
0 0.498437 0.220370 0.056250 0.072222
0 0.493229 0.285185 0.053125 0.061111
0 0.445052 0.345370 0.048438 0.085185
0 0.401042 0.361111 0.068750 0.072222
0 0.345052 0.401389 0.070312 0.073148
0 0.417448 0.429630 0.088021 0.075926
0 0.495052 0.426852 0.069271 0.088889
0 0.134635 0.683333 0.097396 0.209259
0 0.069792 0.865741 0.102083 0.196296
0 0.197396 0.848611 0.110417 0.134259
0 0.240885 0.649537 0.082812 0.119444
0 0.327865 0.587963 0.080729 0.133333
0 0.320573 0.728241 0.086979 0.130556
0 0.296354 0.875463 0.066667 0.180556
0 0.420573 0.615278 0.070312 0.106481
0 0.450260 0.531481 0.069271 0.077778
0 0.527604 0.130556 0.041667 0.040741
0 0.530729 0.192593 0.044792 0.053704
0 0.544531 0.303241 0.042188 0.063889
0 0.579688 0.068519 0.033333 0.046296
0 0.568750 0.120370 0.034375 0.050000
0 0.572656 0.160185 0.041146 0.048148
0 0.587760 0.207870 0.041146 0.041667
0 0.612240 0.169907 0.055729 0.056481
0 0.633073 0.105556 0.038021 0.050000
0 0.646875 0.049537 0.045833 0.045370
0 0.680469 0.100926 0.043229 0.040741
0 0.696094 0.079630 0.034896 0.038889
0 0.702344 0.120833 0.058854 0.045370
0 0.723177 0.094444 0.031771 0.046296
0 0.746094 0.046296 0.039062 0.033333
0 0.776823 0.058333 0.032813 0.051852
0 0.807292 0.051389 0.046875 0.043519
0 0.732031 0.129630 0.052604 0.072222
0 0.768750 0.099074 0.055208 0.062963
0 0.804427 0.134259 0.046354 0.042593
0 0.802604 0.098148 0.033333 0.042593
0 0.854167 0.103704 0.034375 0.038889
0 0.850260 0.125926 0.042188 0.050000
0 0.871615 0.139352 0.058854 0.063889
0 0.961458 0.161111 0.054167 0.055556
0 0.887240 0.185648 0.040104 0.075000
0 0.883854 0.247685 0.072917 0.084259
0 0.842187 0.303241 0.068750 0.043519
0 0.972656 0.223611 0.048438 0.052778
0 0.940365 0.254630 0.049479 0.081481
0 0.929427 0.325463 0.078646 0.065741
0 0.892448 0.377778 0.040104 0.077778
0 0.951042 0.403704 0.051042 0.096296
0 0.984115 0.372222 0.031771 0.118519
0 0.518490 0.694444 0.084896 0.083333
0 0.529948 0.842130 0.057813 0.160185
0 0.605208 0.738426 0.085417 0.093519
0 0.697656 0.569444 0.058854 0.068519
0 0.686719 0.625926 0.056771 0.066667
0 0.695052 0.710648 0.038021 0.143519
0 0.734635 0.619444 0.056771 0.112963
0 0.777604 0.540741 0.040625 0.100000
0 0.805469 0.631019 0.066146 0.106481
0 0.851562 0.595833 0.060417 0.121296
