0 0.032292 0.136111 0.043750 0.038889
0 0.016406 0.187037 0.031771 0.042593
0 0.018229 0.237037 0.035417 0.061111
0 0.042969 0.292593 0.059896 0.059259
0 0.065104 0.368981 0.098958 0.076852
0 0.061979 0.573148 0.122917 0.090741
0 0.073698 0.134259 0.029687 0.077778
0 0.098437 0.104167 0.043750 0.060185
0 0.131510 0.079630 0.054688 0.061111
0 0.153385 0.052778 0.045312 0.046296
0 0.157292 0.109259 0.045833 0.100000
0 0.078906 0.215278 0.045312 0.052778
0 0.113281 0.291667 0.109896 0.137037
0 0.142448 0.194444 0.100521 0.133333
0 0.198958 0.076852 0.036458 0.061111
0 0.196094 0.137963 0.054688 0.103704
0 0.207292 0.268056 0.071875 0.067593
0 0.190104 0.208333 0.066667 0.066667
0 0.238802 0.174074 0.051562 0.064815
0 0.238281 0.108333 0.045312 0.092593
0 0.265104 0.066204 0.065625 0.065741
0 0.288802 0.140741 0.063021 0.062963
0 0.306250 0.112500 0.058333 0.056481
0 0.339844 0.068981 0.045312 0.062037
0 0.328125 0.138889 0.051042 0.066667
0 0.300781 0.180093 0.081771 0.076852
0 0.215885 0.425463 0.078646 0.139815
0 0.277344 0.310185 0.095312 0.087037
0 0.366406 0.175926 0.069271 0.061111
0 0.387240 0.055093 0.052604 0.043519
0 0.436719 0.106019 0.054688 0.062037
0 0.456250 0.089352 0.063542 0.041667
0 0.434635 0.053241 0.042188 0.049074
0 0.481771 0.055556 0.041667 0.048148
0 0.407292 0.162963 0.072917 0.057407
0 0.460417 0.201389 0.043750 0.075000
0 0.419792 0.211111 0.059375 0.057407
0 0.372917 0.236111 0.068750 0.083333
0 0.442448 0.267130 0.071354 0.065741
0 0.292708 0.406019 0.072917 0.091667
0 0.365365 0.371296 0.079687 0.096296
0 0.440104 0.402778 0.060417 0.085185
0 0.469531 0.347222 0.059896 0.066667
0 0.264844 0.549074 0.086979 0.096296
0 0.360417 0.462037 0.076042 0.114815
0 0.160417 0.558796 0.076042 0.182407
0 0.110156 0.701852 0.053646 0.177778
0 0.035677 0.856481 0.070312 0.103704
0 0.138021 0.884722 0.090625 0.095370
0 0.202604 0.866204 0.061458 0.162037
0 0.227344 0.722685 0.084896 0.108333
0 0.344792 0.581019 0.051042 0.137963
0 0.291406 0.723611 0.056771 0.171296
0 0.358333 0.905556 0.108333 0.107407
0 0.460417 0.692593 0.088542 0.116667
0 0.452083 0.846296 0.089583 0.092593
0 0.558594 0.858796 0.049479 0.130556
0 0.589323 0.700926 0.046354 0.094444
0 0.528906 0.591204 0.050521 0.128704
0 0.523438 0.490741 0.072917 0.072222
0 0.603385 0.533796 0.071354 0.087963
0 0.677604 0.520370 0.036458 0.105556
0 0.668490 0.446296 0.060937 0.057407
0 0.681250 0.401852 0.059375 0.062963
0 0.753906 0.386574 0.038021 0.076852
0 0.714844 0.422685 0.054688 0.130556
0 0.770052 0.451389 0.051562 0.086111
0 0.821875 0.407407 0.047917 0.094444
0 0.503646 0.259722 0.057292 0.067593
0 0.498698 0.156944 0.048438 0.054630
0 0.504687 0.117593 0.047917 0.072222
0 0.529948 0.097685 0.049479 0.049074
0 0.527083 0.048148 0.051042 0.037037
0 0.569010 0.075000 0.048438 0.046296
0 0.605990 0.083796 0.055729 0.052778
0 0.582812 0.113889 0.047917 0.040741
0 0.548177 0.187500 0.045312 0.071296
0 0.721615 0.049537 0.043229 0.036111
0 0.791667 0.052778 0.034375 0.044444
0 0.843229 0.055093 0.051042 0.047222
0 0.854948 0.084722 0.047396 0.050926
0 0.850781 0.128241 0.066146 0.071296
0 0.815365 0.179630 0.072396 0.055556
0 0.851302 0.222222 0.039062 0.061111
0 0.905990 0.247685 0.047396 0.080556
0 0.897917 0.190278 0.067708 0.069444
0 0.899219 0.131019 0.049479 0.071296
0 0.926562 0.076852 0.045833 0.055556
0 0.932552 0.120833 0.038021 0.045370
