0 0.051302 0.083796 0.043229 0.041667
0 0.013542 0.064815 0.026042 0.040741
0 0.013281 0.133333 0.025521 0.038889
0 0.031510 0.166667 0.055729 0.068519
0 0.023177 0.267593 0.045312 0.057407
0 0.034896 0.370370 0.068750 0.120370
0 0.025781 0.492593 0.050521 0.118519
0 0.091667 0.079167 0.030208 0.067593
0 0.114062 0.052778 0.042708 0.044444
0 0.141667 0.181944 0.085417 0.178704
0 0.077604 0.192130 0.053125 0.043519
0 0.097917 0.144907 0.044792 0.058333
0 0.076563 0.144444 0.043750 0.057407
0 0.175521 0.051852 0.054167 0.040741
0 0.169531 0.096296 0.088021 0.131481
0 0.099740 0.428241 0.102604 0.143519
0 0.252604 0.051389 0.046875 0.041667
0 0.206250 0.118519 0.057292 0.059259
0 0.256771 0.100463 0.050000 0.069444
0 0.221875 0.164352 0.078125 0.065741
0 0.307552 0.099537 0.077604 0.060185
0 0.310156 0.048148 0.051562 0.042593
0 0.340625 0.063889 0.042708 0.068519
0 0.433594 0.051389 0.052604 0.037963
0 0.402865 0.087037 0.082812 0.053704
0 0.370573 0.148611 0.059896 0.054630
0 0.417187 0.128704 0.060417 0.055556
0 0.453125 0.122222 0.036458 0.061111
0 0.231250 0.290741 0.063542 0.120370
0 0.288021 0.202778 0.091667 0.081481
0 0.184115 0.402315 0.073438 0.154630
0 0.282552 0.393056 0.082812 0.097222
0 0.146094 0.511574 0.051562 0.132407
0 0.368229 0.259722 0.063542 0.075000
0 0.436719 0.181019 0.060937 0.054630
0 0.304688 0.276852 0.061458 0.085185
0 0.359896 0.333333 0.071875 0.098148
0 0.435937 0.285185 0.053125 0.075926
0 0.097135 0.243056 0.097396 0.084259
0 0.348698 0.421296 0.048438 0.105556
0 0.052865 0.652315 0.104688 0.093519
0 0.171615 0.662963 0.075521 0.081481
0 0.226302 0.643519 0.054688 0.118519
0 0.243490 0.532407 0.081771 0.101852
0 0.271615 0.815741 0.094271 0.114815
0 0.303125 0.543519 0.047917 0.138889
0 0.364583 0.703241 0.104167 0.110185
0 0.335156 0.930556 0.073438 0.083333
0 0.430208 0.937037 0.104167 0.066667
0 0.501042 0.816667 0.094792 0.090741
0 0.451302 0.662963 0.075521 0.079630
0 0.539844 0.676852 0.051562 0.116667
0 0.448437 0.533333 0.086458 0.088889
0 0.519792 0.450926 0.046875 0.090741
0 0.464062 0.249074 0.060417 0.066667
0 0.499219 0.174074 0.057813 0.079630
0 0.570052 0.544444 0.041146 0.081481
0 0.583854 0.421759 0.073958 0.063889
0 0.492188 0.089352 0.037500 0.052778
0 0.540365 0.119444 0.041146 0.072222
0 0.569531 0.059722 0.047396 0.054630
0 0.498177 0.053704 0.040104 0.050000
0 0.654167 0.403704 0.029167 0.081481
0 0.645312 0.349537 0.062500 0.062037
0 0.658073 0.322685 0.060937 0.058333
0 0.777083 0.113889 0.051042 0.040741
0 0.816927 0.062963 0.064062 0.062963
0 0.861979 0.072222 0.038542 0.070370
0 0.897135 0.056019 0.045312 0.047222
0 0.934896 0.096296 0.045833 0.046296
0 0.815104 0.153241 0.036458 0.073148
0 0.860156 0.124537 0.058854 0.052778
0 0.864062 0.169444 0.040625 0.085185
0 0.914323 0.152315 0.065104 0.097222
0 0.917708 0.114815 0.043750 0.061111
0 0.939063 0.093519 0.041667 0.051852
0 0.977083 0.141667 0.045833 0.088889
0 0.788281 0.312963 0.036979 0.085185
0 0.727865 0.298611 0.038021 0.069444
0 0.740885 0.355556 0.050521 0.066667
0 0.894010 0.479630 0.094271 0.133333
