0 0.034505 0.158449 0.044792 0.056250
0 0.022656 0.269097 0.039062 0.075231
0 0.038151 0.357407 0.063542 0.106944
0 0.024674 0.492708 0.048047 0.131713
0 0.051953 0.650347 0.099219 0.105787
0 0.083724 0.240856 0.086198 0.065046
0 0.068620 0.186690 0.065885 0.054861
0 0.140299 0.151968 0.088672 0.147454
0 0.169531 0.081597 0.085417 0.094213
0 0.106901 0.410880 0.109896 0.106944
0 0.148047 0.516551 0.058594 0.179398
0 0.173633 0.662731 0.079036 0.092593
0 0.191081 0.411690 0.055339 0.157639
0 0.235091 0.292245 0.069922 0.121528
0 0.053581 0.075926 0.042318 0.047685
0 0.226107 0.165046 0.074870 0.081019
0 0.076367 0.142477 0.043880 0.050694
0 0.252930 0.093403 0.042318 0.076620
0 0.211849 0.073032 0.046354 0.062269
0 0.309115 0.095486 0.071615 0.063657
0 0.310742 0.053588 0.043880 0.049306
0 0.282682 0.063657 0.044792 0.066667
0 0.298958 0.197569 0.075781 0.085417
0 0.306706 0.271296 0.069922 0.102778
0 0.278646 0.389931 0.077344 0.117361
0 0.235482 0.538889 0.079036 0.117130
0 0.306250 0.532407 0.051302 0.164815
0 0.223242 0.636574 0.054557 0.112963
0 0.266016 0.821759 0.099219 0.136111
0 0.331055 0.915856 0.081380 0.089583
0 0.362435 0.699537 0.093620 0.105556
0 0.351497 0.435532 0.055339 0.098380
0 0.362435 0.343634 0.062630 0.090972
0 0.366471 0.265509 0.074089 0.085185
0 0.372201 0.144676 0.054557 0.069444
0 0.416536 0.122338 0.053646 0.065046
0 0.435677 0.175116 0.073958 0.086806
0 0.457227 0.112847 0.042318 0.066435
0 0.496289 0.086921 0.048828 0.052083
0 0.409635 0.082407 0.056250 0.046296
0 0.366536 0.099074 0.051302 0.044907
0 0.464974 0.243171 0.038281 0.063657
0 0.500391 0.167824 0.060156 0.081019
0 0.434440 0.296528 0.056901 0.081019
0 0.451172 0.529514 0.098437 0.101157
0 0.451562 0.660532 0.079687 0.096991
0 0.504036 0.823958 0.108333 0.114120
0 0.430404 0.935301 0.105859 0.062269
0 0.539844 0.680671 0.047917 0.122917
0 0.572852 0.546875 0.035807 0.101157
0 0.520312 0.451389 0.049740 0.104167
0 0.521094 0.365972 0.072396 0.104167
0 0.587435 0.422569 0.073307 0.086806
0 0.646029 0.346528 0.050391 0.068056
0 0.650130 0.419676 0.032552 0.092593
0 0.657813 0.311111 0.038281 0.043519
0 0.693294 0.361690 0.042318 0.084028
0 0.716016 0.297338 0.027604 0.062269
