0 0.030729 0.131944 0.052083 0.115741
0 0.116927 0.187963 0.070312 0.109259
0 0.190885 0.151389 0.055729 0.123148
0 0.243229 0.220833 0.052083 0.117593
0 0.150260 0.302778 0.052604 0.151852
0 0.073698 0.443056 0.085938 0.112037
0 0.018750 0.404167 0.036458 0.130556
0 0.041927 0.547222 0.067187 0.155556
0 0.027604 0.700000 0.054167 0.127778
0 0.029167 0.809259 0.057292 0.140741
0 0.097135 0.761574 0.088021 0.086111
0 0.109375 0.901389 0.092708 0.108333
0 0.129427 0.616204 0.052604 0.152778
0 0.152865 0.527778 0.088021 0.096296
0 0.220573 0.350463 0.052604 0.128704
0 0.299219 0.282870 0.051562 0.136111
0 0.228385 0.478704 0.045312 0.142593
0 0.264323 0.601852 0.053646 0.125926
0 0.189323 0.677315 0.056771 0.102778
0 0.220052 0.761111 0.068229 0.107407
0 0.334635 0.427778 0.041146 0.124074
0 0.317448 0.543056 0.045312 0.125000
0 0.340104 0.658796 0.062500 0.134259
0 0.311719 0.843981 0.045312 0.100926
0 0.339583 0.913889 0.063542 0.085185
0 0.400781 0.451852 0.067187 0.109259
0 0.429167 0.302315 0.047917 0.137963
0 0.468750 0.459722 0.054167 0.149074
0 0.530729 0.341667 0.053125 0.166667
0 0.406250 0.625926 0.084375 0.074074
0 0.385937 0.826852 0.061458 0.092593
0 0.420833 0.914352 0.054167 0.099074
0 0.440365 0.806019 0.049479 0.128704
0 0.473177 0.721759 0.043229 0.117593
0 0.507292 0.626389 0.044792 0.119444
0 0.583594 0.290741 0.058854 0.092593
0 0.591667 0.379630 0.057292 0.111111
0 0.573698 0.555093 0.061979 0.082407
0 0.617448 0.458796 0.078646 0.080556
0 0.649219 0.283796 0.081771 0.071296
0 0.653385 0.367130 0.053646 0.102778
0 0.724740 0.319444 0.040104 0.127778
0 0.704948 0.434259 0.055729 0.138889
0 0.663021 0.521296 0.054167 0.127778
0 0.656771 0.611574 0.046875 0.128704
0 0.614323 0.700463 0.057813 0.102778
0 0.534115 0.795833 0.054688 0.121296
0 0.603646 0.792593 0.042708 0.109259
0 0.578385 0.883796 0.063021 0.086111
0 0.683854 0.905093 0.040625 0.136111
0 0.732031 0.801852 0.081771 0.125926
0 0.730990 0.634259 0.048438 0.175926
0 0.777083 0.562963 0.041667 0.153704
0 0.782031 0.715278 0.060937 0.112037
0 0.832812 0.831481 0.069792 0.144444
0 0.786198 0.291204 0.040104 0.137963
0 0.833854 0.311111 0.041667 0.159259
0 0.883854 0.250463 0.050000 0.154630
0 0.965625 0.241204 0.045833 0.136111
0 0.909635 0.330093 0.050521 0.102778
0 0.887760 0.387500 0.040104 0.126852
0 0.970573 0.338426 0.047396 0.137963
0 0.824479 0.457407 0.065625 0.120370
0 0.827344 0.591667 0.047396 0.138889
0 0.901823 0.538889 0.048438 0.151852
0 0.976823 0.466667 0.046354 0.098148
0 0.961458 0.593981 0.066667 0.141667
0 0.920052 0.730093 0.074479 0.104630
0 0.905469 0.838889 0.052604 0.124074
0 0.967448 0.906019 0.061979 0.136111
0 0.973698 0.748611 0.043229 0.126852
