0 0.148438 0.211574 0.034375 0.102778
0 0.034896 0.180093 0.043750 0.082407
0 0.069010 0.254167 0.042188 0.108333
0 0.174219 0.124537 0.040104 0.076852
0 0.111979 0.304167 0.045833 0.102778
0 0.017448 0.275000 0.033854 0.087037
0 0.092188 0.398148 0.040625 0.112963
0 0.049219 0.488889 0.036979 0.137037
0 0.103646 0.480556 0.043750 0.100000
0 0.215104 0.252315 0.048958 0.087963
0 0.267708 0.225463 0.044792 0.100926
0 0.247135 0.350926 0.045312 0.105556
0 0.144271 0.414352 0.052083 0.117593
0 0.194792 0.454167 0.071875 0.099074
0 0.172135 0.523611 0.048438 0.119444
0 0.104427 0.584722 0.068229 0.063889
0 0.155469 0.643981 0.071354 0.100926
0 0.098437 0.745370 0.078125 0.064815
0 0.096094 0.832407 0.074479 0.094444
0 0.018490 0.865741 0.035937 0.129630
0 0.069271 0.925463 0.039583 0.084259
0 0.114062 0.905093 0.039583 0.071296
0 0.164583 0.826389 0.066667 0.075000
0 0.165104 0.919907 0.048958 0.080556
0 0.221094 0.933796 0.059896 0.104630
0 0.218750 0.794444 0.066667 0.087037
0 0.207552 0.680093 0.070312 0.102778
0 0.232031 0.580093 0.038021 0.106481
0 0.249740 0.515278 0.064062 0.071296
0 0.295573 0.384722 0.044271 0.104630
0 0.308333 0.287037 0.044792 0.077778
0 0.350521 0.342130 0.042708 0.112037
0 0.380990 0.441667 0.032813 0.101852
0 0.303646 0.469444 0.039583 0.101852
0 0.368490 0.527315 0.031771 0.086111
0 0.329427 0.572222 0.042188 0.088889
0 0.385417 0.607870 0.039583 0.089815
0 0.276823 0.618519 0.041146 0.085185
0 0.294271 0.684259 0.041667 0.081481
0 0.360938 0.754167 0.044792 0.078704
0 0.276823 0.927315 0.033854 0.099074
0 0.341146 0.870833 0.028125 0.071296
0 0.388802 0.807870 0.048438 0.099074
0 0.419531 0.742593 0.044271 0.079630
0 0.453125 0.337963 0.040625 0.105556
0 0.424740 0.450000 0.049479 0.105556
0 0.485417 0.467130 0.037500 0.093519
0 0.411198 0.525000 0.074479 0.068519
0 0.525000 0.370370 0.029167 0.129630
0 0.567708 0.335648 0.042708 0.078704
0 0.576823 0.406944 0.034896 0.082407
0 0.620833 0.335185 0.060417 0.061111
0 0.622656 0.392130 0.047396 0.110185
0 0.562240 0.541204 0.045312 0.069444
0 0.597917 0.468519 0.054167 0.068519
0 0.514323 0.581944 0.033854 0.086111
0 0.431771 0.595833 0.054167 0.058333
0 0.486719 0.660648 0.045312 0.089815
0 0.436719 0.817130 0.038021 0.112037
0 0.452083 0.928704 0.050000 0.077778
0 0.533854 0.714352 0.044792 0.095370
0 0.460938 0.721759 0.034375 0.084259
0 0.591146 0.645833 0.047917 0.087963
0 0.562500 0.779630 0.054167 0.075926
0 0.548698 0.856944 0.039062 0.093519
0 0.536979 0.924074 0.040625 0.092593
0 0.581510 0.931944 0.040104 0.071296
0 0.605208 0.882870 0.032292 0.108333
0 0.653385 0.936574 0.034896 0.071296
0 0.645312 0.806019 0.037500 0.115741
0 0.687500 0.856481 0.037500 0.129630
0 0.623958 0.585185 0.035417 0.109259
0 0.626042 0.500000 0.037500 0.092593
0 0.663802 0.450463 0.040104 0.113889
0 0.679948 0.356019 0.039062 0.097222
0 0.724219 0.337963 0.028646 0.105556
0 0.763281 0.348148 0.027604 0.105556
0 0.680990 0.584722 0.034896 0.110185
0 0.721875 0.649074 0.058333 0.092593
0 0.678906 0.704630 0.053646 0.085185
0 0.752083 0.741204 0.046875 0.104630
0 0.709115 0.550463 0.028646 0.119444
0 0.754167 0.468981 0.042708 0.130556
0 0.803385 0.418056 0.051562 0.106481
0 0.792708 0.298611 0.034375 0.143519
0 0.815104 0.350463 0.038542 0.102778
0 0.859896 0.295370 0.042708 0.100000
0 0.805469 0.518519 0.036979 0.116667
0 0.817448 0.669907 0.057813 0.086111
0 0.770573 0.866204 0.053646 0.102778
0 0.768490 0.651389 0.046354 0.123148
0 0.821615 0.850463 0.048438 0.084259
0 0.802604 0.913889 0.052083 0.098148
0 0.851302 0.564815 0.047396 0.127778
0 0.859635 0.674537 0.039062 0.095370
0 0.876823 0.738426 0.060937 0.067593
0 0.856771 0.796759 0.044792 0.110185
0 0.930990 0.502778 0.041146 0.100000
0 0.915625 0.326852 0.048958 0.096296
0 0.936719 0.418981 0.044271 0.115741
0 0.980729 0.533333 0.038542 0.090741
0 0.985417 0.438889 0.029167 0.111111
0 0.896354 0.618056 0.052083 0.075000
0 0.872917 0.487037 0.065625 0.094444
0 0.863542 0.375463 0.038542 0.128704
0 0.943750 0.604167 0.035417 0.113889
