0 0.033659 0.175116 0.041536 0.075231
0 0.015039 0.272106 0.029818 0.098380
0 0.068229 0.251042 0.030990 0.090972
0 0.194792 0.056481 0.034896 0.049074
0 0.171549 0.122338 0.042318 0.073843
0 0.148438 0.201852 0.039844 0.105556
0 0.110156 0.303125 0.047917 0.099769
0 0.092253 0.392130 0.039974 0.104167
0 0.049935 0.465856 0.046484 0.130324
0 0.270833 0.222106 0.039062 0.094213
0 0.217188 0.247454 0.047135 0.081019
0 0.143490 0.410185 0.044792 0.111574
0 0.019531 0.852894 0.038802 0.099769
0 0.063802 0.726389 0.026823 0.069444
0 0.011003 0.568634 0.021745 0.086806
0 0.095833 0.745833 0.058594 0.065278
0 0.092253 0.823958 0.057682 0.073843
0 0.069076 0.921644 0.042318 0.072454
0 0.117057 0.899884 0.034115 0.084028
0 0.106510 0.578009 0.053646 0.070833
0 0.104883 0.471759 0.040755 0.092593
0 0.169987 0.522222 0.037370 0.104167
0 0.151628 0.645370 0.067578 0.092593
0 0.163021 0.716204 0.031771 0.081019
0 0.163086 0.826852 0.056120 0.076852
0 0.168294 0.915741 0.048828 0.081019
0 0.214714 0.926620 0.057031 0.079630
0 0.223698 0.791435 0.052083 0.083796
0 0.209440 0.677778 0.064193 0.070833
0 0.230990 0.575810 0.032552 0.107176
0 0.248503 0.344329 0.031641 0.101157
0 0.313607 0.287269 0.036589 0.070833
0 0.349805 0.333565 0.034245 0.102778
0 0.296094 0.375463 0.030990 0.102778
0 0.250977 0.500579 0.054557 0.063657
0 0.301823 0.470139 0.039062 0.104167
0 0.378320 0.427546 0.034245 0.093981
0 0.368945 0.526620 0.028516 0.092593
0 0.330664 0.564931 0.035026 0.088194
0 0.280664 0.622801 0.040755 0.073843
0 0.293620 0.676389 0.039062 0.088426
0 0.364844 0.748727 0.033333 0.082639
0 0.342513 0.852894 0.030859 0.096991
0 0.277409 0.923843 0.043880 0.091204
0 0.426302 0.446412 0.058594 0.088194
0 0.448242 0.334954 0.029297 0.091204
0 0.530859 0.353819 0.038281 0.108565
0 0.493490 0.465972 0.046354 0.115741
0 0.518685 0.586690 0.041536 0.108565
0 0.409635 0.519329 0.057813 0.075231
0 0.432878 0.586690 0.048828 0.071065
0 0.387695 0.607755 0.043099 0.098380
0 0.414518 0.738542 0.038151 0.073843
0 0.389714 0.806597 0.040625 0.079398
0 0.489388 0.659028 0.026953 0.088426
0 0.460872 0.716898 0.036589 0.091204
0 0.532878 0.707407 0.042318 0.092593
0 0.441341 0.805093 0.043099 0.102778
0 0.452734 0.920139 0.044792 0.072222
0 0.541081 0.922338 0.042318 0.079398
0 0.561003 0.533102 0.054557 0.068056
0 0.567969 0.329861 0.045573 0.081019
0 0.617188 0.324884 0.057813 0.065046
0 0.580534 0.397222 0.039974 0.082407
0 0.621615 0.393519 0.044010 0.104167
0 0.596354 0.461458 0.052083 0.086806
0 0.628906 0.502083 0.039062 0.101389
0 0.625716 0.577315 0.040755 0.118519
0 0.587044 0.635185 0.048047 0.081019
0 0.584245 0.712616 0.032552 0.076620
0 0.565885 0.779861 0.054427 0.078241
0 0.606120 0.881134 0.039062 0.133102
0 0.582552 0.925926 0.039062 0.081019
0 0.644401 0.801505 0.039062 0.121528
0 0.652539 0.929514 0.035807 0.062269
0 0.677799 0.350116 0.042318 0.098380
0 0.661523 0.439120 0.035807 0.088426
0 0.722982 0.334259 0.028516 0.106944
0 0.760352 0.350116 0.030078 0.112731
0 0.794141 0.289468 0.032552 0.121528
0 0.816536 0.356597 0.030208 0.085417
0 0.801497 0.412269 0.037370 0.092593
0 0.747331 0.452199 0.036589 0.108565
0 0.711589 0.538194 0.038281 0.101389
0 0.682227 0.591088 0.035026 0.111343
0 0.805924 0.512153 0.041536 0.121528
0 0.754687 0.566435 0.039844 0.108333
0 0.769336 0.648958 0.046484 0.111343
0 0.721289 0.651736 0.041536 0.076620
0 0.683919 0.844907 0.041536 0.127315
0 0.819336 0.654745 0.035807 0.088194
0 0.753841 0.733565 0.054557 0.095370
0 0.809635 0.745139 0.037500 0.104167
0 0.772201 0.855787 0.043880 0.085185
0 0.819401 0.846412 0.052083 0.098380
0 0.796159 0.904977 0.036589 0.079398
0 0.864128 0.676389 0.035807 0.091204
0 0.871484 0.738542 0.057031 0.065046
0 0.855599 0.790741 0.046354 0.082407
0 0.857617 0.286458 0.037370 0.118750
0 0.862109 0.376273 0.036719 0.098380
0 0.914193 0.324884 0.056250 0.088194
0 0.939388 0.407292 0.049609 0.114120
0 0.876758 0.474537 0.056120 0.083796
0 0.852344 0.568634 0.049740 0.112731
0 0.893034 0.611227 0.043099 0.065046
0 0.931250 0.495602 0.033333 0.093981
0 0.969141 0.570833 0.044010 0.079630
0 0.985352 0.441319 0.029297 0.098380
