0 0.214323 0.101852 0.034896 0.081481
0 0.089844 0.166667 0.035937 0.074074
0 0.024479 0.068519 0.025000 0.061111
0 0.014583 0.138426 0.028125 0.076852
0 0.017969 0.236111 0.034896 0.072222
0 0.053125 0.280556 0.033333 0.081481
0 0.090104 0.226389 0.028125 0.078704
0 0.013021 0.381019 0.025000 0.071296
0 0.034896 0.427778 0.030208 0.074074
0 0.063021 0.402315 0.037500 0.069444
0 0.067448 0.468519 0.038021 0.061111
0 0.042448 0.504630 0.032813 0.068519
0 0.013281 0.571296 0.025521 0.077778
0 0.039583 0.593981 0.046875 0.056481
0 0.016667 0.629630 0.032292 0.040741
0 0.026562 0.675463 0.043750 0.052778
0 0.011979 0.753241 0.022917 0.050926
0 0.012760 0.847222 0.024479 0.072222
0 0.034115 0.893519 0.034896 0.046296
0 0.035677 0.812037 0.030729 0.062963
0 0.039844 0.756481 0.024479 0.074074
0 0.052865 0.717130 0.042188 0.075000
0 0.084896 0.337963 0.030208 0.079630
0 0.120573 0.293519 0.044271 0.068519
0 0.117188 0.331944 0.026042 0.091667
0 0.166146 0.264815 0.038542 0.075926
0 0.154948 0.327315 0.039062 0.076852
0 0.099219 0.378704 0.031771 0.083333
0 0.098437 0.434259 0.037500 0.092593
0 0.139844 0.391667 0.030729 0.087037
0 0.189323 0.316667 0.025521 0.075926
0 0.093490 0.500926 0.042188 0.053704
0 0.109896 0.553704 0.032292 0.059259
0 0.078125 0.616204 0.026042 0.078704
0 0.104948 0.617593 0.029687 0.087037
0 0.080208 0.681019 0.038542 0.062037
0 0.060677 0.645833 0.032813 0.073148
0 0.119271 0.691204 0.038542 0.069444
0 0.066927 0.772685 0.029687 0.076852
0 0.093229 0.812500 0.050000 0.043519
0 0.064583 0.865278 0.044792 0.062037
0 0.061979 0.931481 0.038542 0.081481
0 0.126302 0.954630 0.059896 0.057407
0 0.107292 0.899074 0.026042 0.062963
0 0.095052 0.812963 0.050521 0.048148
0 0.121354 0.769907 0.054167 0.050926
0 0.138281 0.845833 0.039062 0.069444
0 0.125521 0.769444 0.059375 0.062963
0 0.141667 0.637500 0.032292 0.063889
0 0.150521 0.746759 0.037500 0.087963
0 0.128125 0.583333 0.036458 0.079630
0 0.147396 0.537963 0.039583 0.088889
0 0.183594 0.651389 0.038021 0.069444
0 0.217969 0.665741 0.054688 0.061111
0 0.214844 0.724537 0.046354 0.073148
0 0.188021 0.797685 0.026042 0.065741
0 0.202865 0.828704 0.057813 0.062963
0 0.180469 0.898148 0.050521 0.081481
0 0.183594 0.480556 0.028646 0.098148
0 0.221094 0.350000 0.036979 0.094444
0 0.213281 0.418056 0.036979 0.086111
0 0.242969 0.081944 0.029687 0.063889
0 0.239583 0.144907 0.029167 0.084259
0 0.270833 0.162963 0.044792 0.051852
0 0.254948 0.219907 0.031771 0.069444
0 0.244531 0.282870 0.024479 0.073148
0 0.290625 0.311111 0.042708 0.062963
0 0.246354 0.430093 0.028125 0.082407
0 0.221875 0.476389 0.038542 0.082407
0 0.227344 0.549537 0.032813 0.078704
0 0.256250 0.594444 0.047917 0.068519
0 0.261719 0.721296 0.048438 0.051852
0 0.260937 0.794907 0.034375 0.078704
0 0.243229 0.845833 0.034375 0.067593
0 0.233333 0.886111 0.052083 0.070370
0 0.295833 0.806481 0.033333 0.075926
0 0.335156 0.799537 0.030729 0.076852
0 0.328125 0.293519 0.032292 0.088889
0 0.317188 0.376389 0.028125 0.095370
0 0.282813 0.454167 0.050000 0.071296
0 0.321094 0.501852 0.048438 0.048148
0 0.309635 0.546296 0.036979 0.090741
0 0.265625 0.510185 0.036458 0.094444
0 0.291406 0.621759 0.048438 0.052778
0 0.340365 0.576852 0.031771 0.059259
0 0.303385 0.702315 0.043229 0.065741
0 0.360156 0.339815 0.033854 0.070370
0 0.349219 0.407870 0.029687 0.065741
0 0.390625 0.372685 0.031250 0.082407
0 0.359896 0.472222 0.035417 0.096296
0 0.412500 0.443981 0.026042 0.073148
0 0.486719 0.077778 0.056771 0.083333
0 0.464323 0.369907 0.022396 0.095370
0 0.446875 0.452315 0.043750 0.076852
0 0.402604 0.507870 0.026042 0.062037
0 0.376302 0.546759 0.039062 0.073148
0 0.349479 0.622685 0.044792 0.058333
0 0.516927 0.393056 0.026562 0.087963
0 0.547917 0.368056 0.040625 0.067593
0 0.487240 0.475926 0.039062 0.101852
0 0.449479 0.561111 0.034375 0.062963
0 0.414323 0.559722 0.030729 0.065741
0 0.397656 0.673611 0.025521 0.062037
0 0.416406 0.713889 0.032813 0.057407
0 0.437240 0.667130 0.035937 0.075000
0 0.454167 0.721759 0.031250 0.073148
0 0.469531 0.649074 0.022396 0.066667
0 0.488021 0.608796 0.028125 0.069444
0 0.508854 0.556944 0.026042 0.073148
0 0.545312 0.520833 0.043750 0.065741
0 0.461979 0.800926 0.035417 0.064815
0 0.383594 0.752778 0.024479 0.057407
0 0.519271 0.890278 0.027083 0.067593
0 0.524479 0.802315 0.030208 0.075000
0 0.529167 0.744907 0.033333 0.073148
0 0.543750 0.810185 0.002083 0.083333
0 0.520573 0.649074 0.032813 0.061111
0 0.559635 0.593056 0.038021 0.058333
0 0.557813 0.643056 0.029167 0.056481
0 0.573177 0.767130 0.027604 0.076852
0 0.556771 0.809722 0.028125 0.076852
0 0.607031 0.813426 0.028646 0.073148
0 0.595052 0.708796 0.018229 0.086111
0 0.631250 0.747222 0.031250 0.092593
0 0.571354 0.470370 0.043750 0.057407
0 0.586458 0.364815 0.043750 0.051852
0 0.547396 0.413889 0.016667 0.072222
0 0.588542 0.412500 0.035417 0.076852
0 0.629167 0.382870 0.036458 0.075000
0 0.620052 0.456944 0.039062 0.091667
0 0.625000 0.556944 0.031250 0.093519
0 0.555729 0.421296 0.040625 0.072222
0 0.661719 0.369907 0.026562 0.084259
0 0.689844 0.381944 0.022396 0.089815
0 0.711979 0.346296 0.022917 0.096296
0 0.756510 0.345370 0.023438 0.079630
0 0.677865 0.457870 0.027604 0.091667
0 0.650260 0.525926 0.025521 0.079630
0 0.676562 0.538426 0.026042 0.084259
0 0.657813 0.600000 0.043750 0.062963
0 0.677083 0.663889 0.037500 0.077778
0 0.717448 0.506019 0.025521 0.089815
0 0.751563 0.533796 0.033333 0.080556
0 0.766406 0.475463 0.046354 0.063889
0 0.762240 0.401852 0.030729 0.092593
0 0.794271 0.361111 0.037500 0.064815
0 0.813281 0.433796 0.027604 0.084259
0 0.805469 0.491667 0.024479 0.070370
0 0.850260 0.447685 0.028646 0.078704
0 0.721354 0.671296 0.027083 0.075926
0 0.763281 0.626389 0.031771 0.073148
0 0.726823 0.740278 0.033854 0.075000
0 0.692448 0.747222 0.031771 0.068519
0 0.780729 0.570833 0.033333 0.049074
0 0.880208 0.381019 0.031250 0.087963
0 0.935417 0.363426 0.030208 0.062037
0 0.916146 0.405093 0.026042 0.078704
0 0.832812 0.541667 0.032292 0.057407
0 0.902865 0.547222 0.039062 0.088889
0 0.926562 0.486574 0.027083 0.078704
0 0.969010 0.474537 0.026562 0.099074
0 0.966667 0.400926 0.026042 0.081481
