1 0.053125 0.486458 0.010937 0.020139
1 0.185547 0.477083 0.010156 0.016667
1 0.222852 0.496875 0.010547 0.020139
1 0.264844 0.477778 0.008594 0.018056
1 0.288086 0.500694 0.010547 0.016667
1 0.355078 0.460764 0.008594 0.014583
1 0.346484 0.502778 0.006250 0.019444
1 0.377539 0.490625 0.005078 0.013194
1 0.382227 0.498264 0.007422 0.018750
1 0.406836 0.507639 0.002734 0.012500
1 0.437891 0.504514 0.004687 0.015972
1 0.457813 0.511806 0.008594 0.019444
1 0.499609 0.512153 0.007031 0.018750
1 0.592578 0.513889 0.008594 0.018056
1 0.822852 0.531250 0.006641 0.019444
1 0.422852 0.660417 0.016797 0.027778
1 0.656250 0.692361 0.010937 0.029167
1 0.947656 0.667708 0.006250 0.024306
