1 0.053125 0.487153 0.010937 0.020139
1 0.185742 0.477778 0.008984 0.018056
1 0.222852 0.497569 0.011328 0.020139
1 0.265039 0.478819 0.008984 0.017361
1 0.288281 0.502083 0.010937 0.018056
1 0.354102 0.460417 0.008203 0.015278
1 0.346484 0.503472 0.006250 0.019444
1 0.377539 0.491319 0.005078 0.015972
1 0.383008 0.499653 0.006641 0.017361
1 0.437500 0.504514 0.005469 0.017361
1 0.457813 0.511806 0.009375 0.020833
1 0.499609 0.512500 0.007031 0.018056
1 0.822656 0.530903 0.006250 0.017361
1 0.947070 0.668750 0.005859 0.020833
1 0.655664 0.692708 0.012109 0.031250
1 0.423047 0.660764 0.016406 0.027083
