1 0.052930 0.487500 0.011328 0.019444
1 0.185352 0.476042 0.008203 0.014583
1 0.222266 0.497222 0.012500 0.020833
1 0.264844 0.477083 0.009375 0.018056
1 0.287891 0.500000 0.010156 0.018056
1 0.354492 0.460417 0.008203 0.015278
1 0.346094 0.503125 0.006250 0.021528
1 0.377148 0.489583 0.005078 0.015278
1 0.437695 0.504514 0.005078 0.015972
1 0.382812 0.499306 0.007031 0.016667
1 0.457227 0.511111 0.009766 0.020833
1 0.500000 0.512500 0.007812 0.020833
1 0.422461 0.659722 0.016797 0.027778
1 0.656445 0.692361 0.012891 0.030556
1 0.822852 0.531597 0.008203 0.018750
1 0.947852 0.668056 0.005078 0.020833
1 0.592187 0.514583 0.008594 0.018056
