1 0.053516 0.487500 0.010156 0.019444
1 0.185547 0.477083 0.009375 0.016667
1 0.222852 0.497569 0.011328 0.021528
1 0.265039 0.476736 0.008984 0.017361
1 0.288281 0.501042 0.011719 0.017361
1 0.346680 0.503125 0.005859 0.020139
1 0.354492 0.459722 0.008203 0.015278
1 0.377734 0.491319 0.005469 0.014583
1 0.382617 0.497917 0.007422 0.019444
1 0.437891 0.503819 0.004687 0.015972
1 0.458008 0.512153 0.008203 0.020139
1 0.500000 0.511458 0.007031 0.018750
1 0.423047 0.660764 0.017188 0.027083
1 0.656836 0.692014 0.011328 0.034028
1 0.591992 0.514931 0.006641 0.018750
1 0.703516 0.484028 0.007031 0.013889
1 0.823438 0.529861 0.007031 0.022222
1 0.947656 0.668403 0.006250 0.022917
