1 0.052734 0.486111 0.011719 0.020833
1 0.185547 0.476736 0.009375 0.018750
1 0.222266 0.497222 0.012500 0.020833
1 0.264453 0.477431 0.007812 0.018750
1 0.287500 0.500347 0.011719 0.017361
1 0.354492 0.460764 0.008984 0.014583
1 0.346094 0.502778 0.007031 0.022222
1 0.377344 0.490278 0.005469 0.015278
1 0.383008 0.497569 0.007422 0.018750
1 0.406641 0.506597 0.003125 0.013194
1 0.437109 0.503819 0.004687 0.017361
1 0.457617 0.511806 0.009766 0.022222
1 0.500000 0.511111 0.007031 0.018056
1 0.423047 0.660069 0.016406 0.028472
1 0.592578 0.513889 0.007812 0.018056
1 0.656055 0.690625 0.012891 0.034028
1 0.822656 0.531250 0.007812 0.022222
1 0.948047 0.667361 0.006250 0.025000
