1 0.052539 0.486458 0.010547 0.020139
1 0.185547 0.477778 0.009375 0.018056
1 0.222070 0.497569 0.011328 0.020139
1 0.264453 0.477431 0.008594 0.017361
1 0.287500 0.501389 0.010937 0.018056
1 0.354297 0.460417 0.008594 0.015278
1 0.346289 0.502778 0.005859 0.022222
1 0.377344 0.491667 0.005469 0.015278
1 0.383398 0.498958 0.008203 0.020139
1 0.422461 0.660417 0.017578 0.026389
1 0.437695 0.504514 0.005859 0.021528
1 0.457617 0.511458 0.008203 0.020139
1 0.499805 0.512153 0.008203 0.020139
1 0.655859 0.691319 0.012500 0.029861
1 0.822461 0.531250 0.007422 0.019444
1 0.948047 0.667708 0.005469 0.024306
