1 0.053125 0.487153 0.010937 0.021528
1 0.185352 0.477083 0.008984 0.016667
1 0.223047 0.497569 0.011719 0.021528
1 0.265039 0.477431 0.008984 0.018750
1 0.288086 0.501042 0.011328 0.017361
1 0.354297 0.459722 0.008594 0.016667
1 0.346680 0.503472 0.005859 0.022222
1 0.378125 0.490972 0.005469 0.016667
1 0.383008 0.498958 0.007422 0.018750
1 0.406836 0.507292 0.002734 0.011806
1 0.437891 0.503819 0.004687 0.015972
1 0.458203 0.512153 0.009375 0.021528
1 0.499805 0.512153 0.007422 0.018750
1 0.822656 0.531944 0.007812 0.019444
1 0.656055 0.692014 0.012109 0.031250
1 0.422461 0.660417 0.016016 0.026389
