1 0.053516 0.487500 0.011719 0.019444
1 0.185547 0.477083 0.009375 0.019444
1 0.222656 0.497569 0.010937 0.020139
1 0.265039 0.478125 0.009766 0.017361
1 0.288086 0.500694 0.011328 0.018056
1 0.354297 0.460069 0.007812 0.014583
1 0.346680 0.503125 0.006641 0.020139
1 0.377344 0.490972 0.004687 0.015278
1 0.383008 0.498264 0.007422 0.018750
1 0.437500 0.503819 0.005469 0.015972
1 0.457813 0.511806 0.008594 0.019444
1 0.499805 0.512500 0.007422 0.019444
1 0.823047 0.531944 0.007031 0.019444
1 0.946875 0.668750 0.006250 0.020833
1 0.656250 0.692708 0.012500 0.031250
1 0.423047 0.661111 0.016406 0.026389
