1 0.053320 0.487500 0.011328 0.019444
1 0.185742 0.477431 0.008984 0.015972
1 0.222656 0.497569 0.010937 0.020139
1 0.265039 0.477431 0.008203 0.017361
1 0.287891 0.500694 0.010937 0.016667
1 0.354687 0.460069 0.007812 0.014583
1 0.346484 0.503125 0.005469 0.018750
1 0.377930 0.490972 0.005078 0.013889
1 0.382617 0.498264 0.007422 0.018750
1 0.406641 0.507292 0.002344 0.011806
1 0.438281 0.503472 0.005469 0.016667
1 0.458008 0.511806 0.008984 0.019444
1 0.499609 0.511806 0.007031 0.018056
1 0.592383 0.514583 0.007422 0.018056
1 0.822656 0.531944 0.007031 0.018056
1 0.947852 0.668403 0.005078 0.021528
1 0.656250 0.692708 0.011719 0.031250
1 0.422656 0.661111 0.016406 0.027778
