0 0.018490 0.075463 0.023438 0.045370
0 0.006510 0.126852 0.011979 0.051852
0 0.027344 0.106944 0.022396 0.054630
0 0.084115 0.089815 0.013021 0.048148
0 0.103125 0.048148 0.012500 0.046296
0 0.085417 0.140278 0.014583 0.050926
0 0.109115 0.106019 0.025521 0.037963
0 0.034115 0.161574 0.019271 0.043519
0 0.008594 0.191204 0.016146 0.058333
0 0.035937 0.209259 0.028125 0.029630
0 0.057031 0.188426 0.026562 0.034259
0 0.103906 0.169907 0.019271 0.045370
0 0.098437 0.243056 0.025000 0.030556
0 0.066146 0.246759 0.015625 0.045370
0 0.008333 0.255093 0.015625 0.028704
0 0.004948 0.298611 0.008854 0.030556
0 0.030729 0.311574 0.015625 0.045370
0 0.070573 0.299074 0.021354 0.037037
0 0.115625 0.288889 0.022917 0.037037
0 0.012500 0.342593 0.017708 0.044444
0 0.006771 0.364815 0.012500 0.037037
0 0.033333 0.360185 0.021875 0.037037
0 0.071615 0.326852 0.014063 0.038889
0 0.086719 0.358333 0.017188 0.048148
0 0.095052 0.316667 0.019271 0.038889
0 0.043750 0.400000 0.014583 0.046296
0 0.061979 0.399074 0.020833 0.037037
0 0.097917 0.399537 0.015625 0.054630
0 0.051302 0.444907 0.027604 0.030556
0 0.071615 0.456481 0.016146 0.037037
0 0.094010 0.440741 0.024479 0.040741
0 0.031510 0.471759 0.022396 0.036111
0 0.051823 0.481019 0.022396 0.052778
0 0.083333 0.486111 0.015625 0.037037
0 0.097917 0.489815 0.015625 0.050000
0 0.036198 0.510648 0.016146 0.056481
0 0.062500 0.510648 0.018750 0.030556
0 0.089063 0.521296 0.028125 0.031481
0 0.023177 0.551389 0.020313 0.045370
0 0.014583 0.610648 0.021875 0.054630
0 0.053125 0.592130 0.018750 0.049074
0 0.077344 0.562963 0.033854 0.038889
0 0.007292 0.743981 0.013542 0.041667
0 0.099740 0.584722 0.025521 0.034259
0 0.083333 0.608796 0.015625 0.039815
0 0.066667 0.644444 0.025000 0.025926
0 0.035417 0.649074 0.019792 0.042593
0 0.096615 0.662037 0.019271 0.037037
0 0.038542 0.683333 0.023958 0.029630
0 0.086979 0.707407 0.015625 0.042593
0 0.032031 0.719907 0.017188 0.047222
0 0.030208 0.763426 0.014583 0.062037
0 0.050781 0.738889 0.028646 0.027778
0 0.067448 0.749537 0.026562 0.032407
0 0.057031 0.771759 0.015104 0.050926
0 0.105208 0.728241 0.016667 0.045370
0 0.101042 0.762037 0.016667 0.042593
0 0.086458 0.800000 0.029167 0.027778
0 0.126042 0.071296 0.018750 0.048148
0 0.149740 0.072222 0.027604 0.035185
0 0.173177 0.077315 0.024479 0.028704
0 0.142708 0.100926 0.022917 0.031481
0 0.157812 0.088889 0.016667 0.057407
0 0.133594 0.141204 0.022396 0.043519
0 0.156250 0.187963 0.021875 0.051852
0 0.124219 0.197222 0.029687 0.033333
0 0.151042 0.213426 0.015625 0.056481
0 0.172656 0.216204 0.015104 0.050926
0 0.133333 0.246296 0.026042 0.033333
0 0.165104 0.258333 0.017708 0.048148
0 0.129167 0.278704 0.019792 0.024074
0 0.144010 0.289352 0.019271 0.041667
0 0.129167 0.315278 0.032292 0.037963
0 0.197135 0.306019 0.015104 0.045370
0 0.220573 0.283796 0.020313 0.052778
0 0.177344 0.332870 0.020313 0.049074
0 0.127604 0.356944 0.023958 0.032407
0 0.147917 0.343981 0.020833 0.037963
0 0.144531 0.385185 0.017188 0.044444
0 0.124479 0.393981 0.018750 0.054630
0 0.200781 0.361111 0.016146 0.046296
0 0.223958 0.324074 0.015625 0.050000
0 0.123177 0.442593 0.020313 0.038889
0 0.173437 0.428241 0.020833 0.047222
0 0.207552 0.444907 0.021354 0.039815
0 0.191146 0.456944 0.019792 0.050926
0 0.160417 0.481019 0.022917 0.047222
0 0.136458 0.489815 0.023958 0.038889
0 0.126042 0.566204 0.018750 0.043519
0 0.148438 0.541667 0.027083 0.042593
0 0.171615 0.548611 0.013021 0.043519
0 0.195052 0.511111 0.016146 0.059259
0 0.212240 0.484722 0.023438 0.041667
0 0.121354 0.603241 0.026042 0.043519
0 0.136979 0.608796 0.016667 0.039815
0 0.131771 0.659722 0.017708 0.052778
0 0.126302 0.731944 0.016146 0.049074
0 0.122656 0.774074 0.022396 0.038889
0 0.147135 0.666204 0.016146 0.041667
0 0.145313 0.712500 0.019792 0.049074
0 0.142448 0.756944 0.021354 0.036111
0 0.133594 0.799537 0.019271 0.036111
0 0.171094 0.594444 0.025521 0.033333
0 0.213281 0.540278 0.017188 0.047222
0 0.190885 0.563426 0.029687 0.039815
0 0.219792 0.575000 0.015625 0.053704
0 0.204948 0.597222 0.016146 0.048148
0 0.180990 0.618981 0.021354 0.036111
0 0.165625 0.625463 0.020833 0.049074
0 0.167448 0.675926 0.025521 0.044444
0 0.188281 0.671759 0.014063 0.045370
0 0.199219 0.642593 0.022396 0.042593
0 0.206250 0.690741 0.016667 0.050000
0 0.184375 0.714815 0.025000 0.048148
0 0.165365 0.737963 0.017188 0.048148
0 0.175781 0.768981 0.022396 0.041667
0 0.157292 0.793519 0.027083 0.035185
0 0.198177 0.750926 0.030729 0.025926
0 0.194531 0.789352 0.020313 0.045370
0 0.160938 0.886111 0.017708 0.057407
0 0.204427 0.860648 0.019271 0.041667
0 0.215365 0.893056 0.016146 0.054630
0 0.253385 0.044444 0.023438 0.022222
0 0.283594 0.051852 0.014063 0.042593
0 0.258854 0.083333 0.013542 0.050000
0 0.310677 0.054630 0.015104 0.042593
0 0.308073 0.075463 0.020313 0.036111
0 0.297656 0.102315 0.015104 0.037963
0 0.330729 0.160185 0.022917 0.031481
0 0.309635 0.183796 0.018229 0.047222
0 0.333333 0.193519 0.014583 0.038889
0 0.318750 0.221759 0.022917 0.049074
0 0.301302 0.232870 0.015104 0.062037
0 0.318229 0.257870 0.016667 0.054630
0 0.271354 0.350000 0.019792 0.038889
0 0.244010 0.363889 0.024479 0.044444
0 0.222917 0.399537 0.016667 0.056481
0 0.231771 0.426389 0.013542 0.056481
0 0.244010 0.401852 0.015104 0.055556
0 0.262500 0.394444 0.020833 0.046296
0 0.259115 0.431019 0.013021 0.058333
0 0.237240 0.460185 0.019271 0.040741
0 0.231771 0.507407 0.023958 0.031481
0 0.330208 0.312500 0.021875 0.039815
0 0.322135 0.359259 0.019271 0.037037
0 0.289844 0.385648 0.015104 0.054630
0 0.312760 0.405556 0.016146 0.040741
0 0.236198 0.580093 0.015104 0.050926
0 0.241927 0.540741 0.019271 0.044444
0 0.265625 0.529167 0.014583 0.049074
0 0.256250 0.557407 0.016667 0.046296
0 0.260937 0.590278 0.019792 0.041667
0 0.244792 0.630556 0.019792 0.048148
0 0.222917 0.617593 0.017708 0.037037
0 0.265365 0.663426 0.017188 0.041667
0 0.244792 0.681019 0.025000 0.032407
0 0.307031 0.451852 0.016146 0.048148
0 0.289844 0.488426 0.014063 0.052778
0 0.313542 0.487037 0.018750 0.044444
0 0.329167 0.457407 0.016667 0.044444
0 0.316927 0.533333 0.019271 0.050000
0 0.283854 0.602778 0.015625 0.042593
0 0.300000 0.606944 0.020833 0.037963
0 0.227604 0.713426 0.022917 0.028704
0 0.223958 0.734722 0.022917 0.026852
0 0.236719 0.725000 0.021354 0.024074
0 0.230469 0.777315 0.013021 0.050926
0 0.246094 0.762037 0.017188 0.044444
0 0.245573 0.799537 0.027604 0.034259
0 0.260677 0.827315 0.019271 0.049074
0 0.255208 0.729167 0.018750 0.045370
0 0.273438 0.722222 0.017708 0.048148
0 0.290885 0.699537 0.018229 0.050926
0 0.309635 0.648148 0.025521 0.040741
0 0.312240 0.687500 0.017188 0.041667
0 0.299740 0.720370 0.026562 0.033333
0 0.324219 0.733796 0.015104 0.043519
0 0.283594 0.763426 0.030729 0.034259
0 0.315625 0.757407 0.026042 0.038889
0 0.301302 0.799074 0.016146 0.050000
0 0.338021 0.270370 0.027083 0.029630
0 0.355208 0.378704 0.016667 0.033333
0 0.382552 0.365278 0.019271 0.058333
0 0.353385 0.472222 0.029687 0.038889
0 0.374740 0.429167 0.016146 0.049074
0 0.402344 0.394444 0.019271 0.037037
0 0.419010 0.418981 0.018229 0.043519
0 0.395313 0.441667 0.017708 0.044444
0 0.435677 0.461574 0.015104 0.047222
0 0.401042 0.483796 0.014583 0.047222
0 0.336979 0.557407 0.026042 0.040741
0 0.342708 0.507870 0.016667 0.045370
0 0.369792 0.533333 0.014583 0.046296
0 0.358333 0.578241 0.029167 0.025000
0 0.340104 0.587963 0.013542 0.037037
0 0.338281 0.645833 0.030729 0.034259
0 0.365625 0.633796 0.021875 0.034259
0 0.333854 0.692593 0.018750 0.042593
0 0.356771 0.705093 0.026042 0.047222
0 0.388542 0.556019 0.019792 0.037963
0 0.412500 0.533333 0.016667 0.042593
0 0.430729 0.510185 0.015625 0.040741
0 0.436458 0.543056 0.019792 0.039815
0 0.398177 0.580093 0.017188 0.034259
0 0.428906 0.623148 0.016146 0.040741
0 0.384375 0.705093 0.014583 0.045370
0 0.419010 0.673611 0.008854 0.034259
0 0.427865 0.662963 0.026562 0.024074
0 0.440104 0.648611 0.022917 0.032407
0 0.481510 0.227315 0.024479 0.041667
0 0.468750 0.416204 0.011458 0.045370
0 0.458073 0.473148 0.027604 0.031481
0 0.452604 0.510648 0.028125 0.026852
0 0.482812 0.481944 0.023958 0.034259
0 0.507031 0.427315 0.014063 0.043519
0 0.528385 0.417593 0.019271 0.033333
0 0.550000 0.418056 0.029167 0.032407
0 0.579167 0.422685 0.018750 0.050926
0 0.552083 0.447685 0.018750 0.054630
0 0.530990 0.449537 0.018229 0.037963
0 0.570573 0.471296 0.016146 0.048148
0 0.541146 0.480556 0.029167 0.031481
0 0.459635 0.541204 0.025521 0.025000
0 0.498958 0.538426 0.013542 0.037963
0 0.522917 0.516667 0.022917 0.027778
0 0.554167 0.502315 0.015625 0.047222
0 0.576042 0.539815 0.011458 0.055556
0 0.550260 0.537500 0.016146 0.047222
0 0.534896 0.567130 0.019792 0.039815
0 0.450260 0.618981 0.026562 0.036111
0 0.473958 0.607870 0.018750 0.045370
0 0.486458 0.581019 0.015625 0.056481
0 0.463802 0.653704 0.010937 0.057407
0 0.468490 0.708796 0.022396 0.036111
0 0.508073 0.598611 0.019271 0.032407
0 0.531771 0.597685 0.014583 0.041667
0 0.573698 0.595833 0.026562 0.037963
0 0.523958 0.635648 0.030208 0.039815
0 0.558594 0.637037 0.014063 0.055556
0 0.579167 0.660648 0.014583 0.049074
0 0.515625 0.666204 0.014583 0.050926
0 0.510156 0.700463 0.014063 0.050926
0 0.507812 0.759259 0.013542 0.038889
0 0.541667 0.677315 0.012500 0.056481
0 0.532031 0.702315 0.019271 0.043519
0 0.562760 0.709259 0.016146 0.037037
0 0.636458 0.141204 0.022917 0.043519
0 0.711458 0.173611 0.022917 0.047222
0 0.601302 0.414815 0.011979 0.050000
0 0.620573 0.426389 0.009896 0.054630
0 0.635156 0.393519 0.016146 0.055556
0 0.666406 0.398611 0.016146 0.056481
0 0.644792 0.431944 0.011458 0.039815
0 0.690104 0.415278 0.016667 0.058333
0 0.610417 0.481944 0.013542 0.056481
0 0.593750 0.518056 0.014583 0.052778
0 0.611719 0.532407 0.015104 0.061111
0 0.638542 0.455556 0.015625 0.044444
0 0.638281 0.511111 0.015104 0.062963
0 0.666406 0.437963 0.017188 0.051852
0 0.670312 0.481481 0.025000 0.033333
0 0.699740 0.460648 0.016146 0.054630
0 0.726302 0.473148 0.018229 0.050000
0 0.659635 0.527778 0.021354 0.057407
0 0.681510 0.549074 0.021354 0.018519
0 0.704427 0.541204 0.007812 0.037963
0 0.716146 0.528241 0.021875 0.030556
0 0.727604 0.514352 0.026042 0.043519
0 0.609635 0.606944 0.026562 0.049074
0 0.593229 0.565741 0.029167 0.037037
0 0.644792 0.575926 0.023958 0.031481
0 0.666927 0.589352 0.016146 0.052778
0 0.638542 0.614815 0.017708 0.044444
0 0.622917 0.666667 0.023958 0.037037
0 0.643750 0.663889 0.019792 0.038889
0 0.635156 0.695370 0.015104 0.037037
0 0.659635 0.636111 0.015104 0.050000
0 0.674479 0.613889 0.028125 0.035185
0 0.749219 0.427778 0.016146 0.046296
0 0.768750 0.442130 0.014583 0.041667
0 0.761198 0.538426 0.021354 0.056481
0 0.776563 0.493981 0.017708 0.047222
0 0.784635 0.417593 0.018229 0.040741
0 0.806250 0.440278 0.016667 0.049074
0 0.802344 0.486111 0.017188 0.048148
0 0.829427 0.414352 0.023438 0.034259
0 0.828125 0.448611 0.015625 0.045370
0 0.824479 0.495370 0.022917 0.033333
0 0.854948 0.422685 0.013021 0.037963
0 0.858594 0.459722 0.019271 0.043519
0 0.847396 0.480093 0.016667 0.058333
0 0.885156 0.437963 0.015104 0.053704
0 0.902083 0.469444 0.025000 0.024074
0 0.890625 0.487500 0.022917 0.050926
0 0.871094 0.498148 0.018229 0.044444
0 0.846615 0.610185 0.021354 0.046296
0 0.853385 0.564815 0.019271 0.046296
0 0.873437 0.555093 0.019792 0.052778
0 0.877604 0.624074 0.016667 0.048148
0 0.895312 0.529630 0.016667 0.035185
0 0.904687 0.529167 0.020833 0.037963
0 0.926302 0.503241 0.019271 0.037963
0 0.935417 0.406944 0.017708 0.049074
0 0.934115 0.474074 0.015104 0.044444
0 0.878125 0.686574 0.019792 0.039815
0 0.899740 0.646296 0.018229 0.046296
0 0.905469 0.696296 0.017188 0.042593
0 0.938281 0.629630 0.029687 0.053704
0 0.926562 0.666204 0.021875 0.045370
0 0.945052 0.684259 0.028646 0.037037
0 0.953125 0.731481 0.015625 0.061111
0 0.948958 0.583333 0.013542 0.051852
0 0.913802 0.319907 0.029687 0.037963
0 0.950000 0.377315 0.020833 0.036111
0 0.961198 0.418981 0.018229 0.041667
0 0.975260 0.419907 0.011979 0.056481
0 0.987500 0.447685 0.020833 0.039815
0 0.956510 0.475926 0.024479 0.037037
0 0.944271 0.512500 0.020833 0.060185
0 0.972656 0.501852 0.023438 0.048148
0 0.991146 0.491667 0.016667 0.042593
0 0.990365 0.525000 0.018229 0.046296
0 0.970573 0.541667 0.019271 0.046296
0 0.990625 0.618981 0.016667 0.062037
0 0.962500 0.631481 0.029167 0.027778
0 0.971354 0.671296 0.015625 0.048148
0 0.984115 0.713426 0.016146 0.056481
0 0.966927 0.781019 0.020313 0.037963
