0 0.013281 0.128704 0.013021 0.012963
0 0.024479 0.121759 0.010417 0.015741
0 0.006510 0.140278 0.009896 0.015741
0 0.034115 0.122222 0.011979 0.012963
0 0.041927 0.124074 0.009896 0.011111
0 0.036719 0.134259 0.013021 0.007407
0 0.054427 0.118519 0.007812 0.009259
0 0.063281 0.128241 0.015104 0.015741
0 0.020833 0.146759 0.011458 0.006481
0 0.002604 0.167130 0.004167 0.013889
0 0.011458 0.170370 0.009375 0.011111
0 0.021094 0.172222 0.013021 0.012963
0 0.022656 0.185185 0.017188 0.014815
0 0.031250 0.159722 0.013542 0.015741
0 0.042188 0.145833 0.013542 0.015741
0 0.052344 0.143981 0.013021 0.017593
0 0.061458 0.137963 0.013542 0.011111
0 0.078385 0.131019 0.014063 0.013889
0 0.033333 0.168981 0.014583 0.017593
0 0.043490 0.172222 0.013021 0.016667
0 0.054688 0.168519 0.009375 0.016667
0 0.059115 0.175000 0.015104 0.014815
0 0.067448 0.164815 0.016146 0.014815
0 0.090104 0.153704 0.017708 0.012963
0 0.085417 0.166204 0.014583 0.015741
0 0.092708 0.159259 0.010417 0.016667
0 0.063542 0.187500 0.017708 0.015741
0 0.077604 0.178241 0.013542 0.015741
0 0.101823 0.166667 0.014063 0.018519
0 0.115104 0.156481 0.013542 0.014815
0 0.117448 0.188426 0.019271 0.025000
0 0.124219 0.174074 0.016146 0.016667
0 0.131510 0.148611 0.014063 0.013889
0 0.127083 0.159259 0.016667 0.016667
0 0.138802 0.153241 0.014063 0.013889
0 0.142969 0.162963 0.015104 0.024074
0 0.135156 0.168981 0.020313 0.023148
0 0.150781 0.137037 0.009896 0.011111
0 0.155208 0.148148 0.011458 0.012963
0 0.156250 0.159722 0.012500 0.013889
0 0.162240 0.163889 0.009896 0.011111
0 0.152344 0.191204 0.013021 0.012037
0 0.159896 0.192130 0.011458 0.012037
0 0.168229 0.188889 0.014583 0.011111
0 0.170833 0.123148 0.007292 0.020370
0 0.115104 0.114815 0.013542 0.020370
0 0.172917 0.145833 0.011458 0.013889
0 0.163281 0.141667 0.009896 0.012963
0 0.171615 0.164352 0.010937 0.015741
0 0.184375 0.149074 0.010417 0.016667
0 0.193490 0.140741 0.010937 0.014815
0 0.194531 0.150463 0.013021 0.017593
0 0.192188 0.162037 0.013542 0.012963
0 0.201302 0.143056 0.010937 0.010185
0 0.202083 0.149537 0.011458 0.010185
0 0.216146 0.143981 0.009375 0.012037
0 0.209896 0.160185 0.009375 0.014815
0 0.218229 0.160185 0.012500 0.014815
0 0.225781 0.151389 0.010937 0.012037
0 0.233594 0.152778 0.011979 0.009259
0 0.188281 0.122222 0.008854 0.012963
0 0.019531 0.584722 0.038021 0.036111
0 0.011198 0.652315 0.021354 0.032407
0 0.011198 0.750926 0.021354 0.033333
0 0.008594 0.842593 0.016146 0.038889
0 0.060417 0.577778 0.054167 0.037037
0 0.059635 0.619444 0.057813 0.035185
0 0.092448 0.594444 0.052604 0.040741
0 0.141927 0.591667 0.033854 0.072222
0 0.094792 0.652315 0.062500 0.039815
0 0.103385 0.622685 0.032813 0.043519
0 0.042969 0.728241 0.048438 0.050926
0 0.080208 0.738889 0.047917 0.048148
0 0.050781 0.818519 0.063021 0.070370
0 0.081510 0.782870 0.056771 0.043519
0 0.053906 0.857407 0.052604 0.053704
0 0.133073 0.796296 0.054688 0.053704
0 0.106510 0.833796 0.059896 0.043519
0 0.213021 0.391204 0.025000 0.013889
0 0.212240 0.406019 0.030729 0.021296
0 0.233333 0.392593 0.029167 0.020370
0 0.253646 0.400926 0.025000 0.025926
0 0.262500 0.362963 0.018750 0.025926
0 0.274219 0.360648 0.016146 0.026852
0 0.283073 0.308333 0.023438 0.018519
0 0.280729 0.325926 0.018750 0.020370
0 0.280208 0.341667 0.016667 0.020370
0 0.293229 0.338426 0.020833 0.023148
0 0.311719 0.287963 0.018229 0.024074
0 0.302083 0.304167 0.027083 0.019444
0 0.295833 0.322222 0.027083 0.014815
0 0.283073 0.377315 0.029687 0.025000
0 0.303385 0.356019 0.025521 0.028704
0 0.315104 0.361111 0.021875 0.025926
0 0.328125 0.305556 0.023958 0.025926
0 0.328906 0.315741 0.019271 0.029630
0 0.322656 0.339815 0.023438 0.022222
0 0.325521 0.356944 0.029167 0.037963
0 0.355469 0.284259 0.026562 0.025926
0 0.351562 0.300000 0.028125 0.044444
0 0.339583 0.308333 0.014583 0.018519
0 0.352083 0.313889 0.022917 0.024074
0 0.341667 0.339815 0.023958 0.020370
0 0.354167 0.346759 0.031250 0.025000
0 0.353906 0.366667 0.027604 0.025926
0 0.347396 0.400926 0.031250 0.027778
0 0.348698 0.435648 0.030729 0.026852
0 0.363802 0.243981 0.014063 0.012037
0 0.375521 0.239352 0.013542 0.019444
0 0.372656 0.222685 0.015104 0.021296
0 0.381771 0.215278 0.011458 0.019444
0 0.391667 0.185648 0.013542 0.015741
0 0.388021 0.201852 0.009375 0.012963
0 0.398438 0.194444 0.013542 0.012963
0 0.391667 0.226389 0.011458 0.013889
0 0.388802 0.253241 0.017188 0.015741
0 0.405990 0.184259 0.011979 0.014815
0 0.414323 0.181944 0.014063 0.015741
0 0.417187 0.198148 0.017708 0.018519
0 0.412760 0.206944 0.014063 0.017593
0 0.430469 0.177315 0.014063 0.017593
0 0.427083 0.192130 0.013542 0.017593
0 0.435677 0.183333 0.015104 0.012963
0 0.444792 0.184259 0.012500 0.012963
0 0.447396 0.191204 0.010417 0.013889
0 0.424219 0.256019 0.030729 0.049074
0 0.409896 0.258796 0.015625 0.015741
0 0.381250 0.295370 0.022917 0.024074
0 0.387500 0.290741 0.021875 0.024074
0 0.398698 0.287037 0.014063 0.025926
0 0.407552 0.281944 0.019271 0.032407
0 0.460156 0.184722 0.011979 0.015741
0 0.459375 0.195370 0.010417 0.018519
0 0.453646 0.204167 0.019792 0.025000
0 0.447135 0.218056 0.025521 0.025000
0 0.460677 0.250926 0.019271 0.018519
0 0.474479 0.246759 0.015625 0.017593
0 0.469271 0.231944 0.020833 0.021296
0 0.478125 0.214352 0.016667 0.017593
0 0.466406 0.209259 0.015104 0.014815
0 0.485417 0.202315 0.013542 0.025000
0 0.499219 0.200000 0.008854 0.012963
0 0.505469 0.202315 0.008854 0.015741
0 0.513021 0.206481 0.010417 0.016667
0 0.518229 0.218056 0.011458 0.023148
0 0.499740 0.215741 0.014063 0.012963
0 0.494271 0.227315 0.015625 0.017593
0 0.488281 0.237037 0.018229 0.022222
0 0.507812 0.236574 0.015625 0.017593
0 0.490625 0.257870 0.016667 0.023148
0 0.533073 0.219444 0.015104 0.020370
0 0.527344 0.237963 0.018229 0.016667
0 0.539844 0.230556 0.018229 0.022222
0 0.554167 0.230093 0.016667 0.015741
0 0.569010 0.229630 0.020313 0.016667
0 0.529948 0.253704 0.013021 0.016667
0 0.548438 0.249537 0.019792 0.021296
0 0.567448 0.247685 0.015104 0.017593
0 0.576823 0.244907 0.015104 0.015741
0 0.380469 0.317593 0.018229 0.025926
0 0.385417 0.338426 0.015625 0.023148
0 0.376563 0.445833 0.023958 0.036111
0 0.392969 0.445833 0.020313 0.056481
0 0.402083 0.365278 0.026042 0.030556
0 0.422917 0.300000 0.023958 0.040741
0 0.440625 0.313426 0.018750 0.039815
0 0.434115 0.337500 0.022396 0.034259
0 0.441927 0.284722 0.017188 0.023148
0 0.445833 0.276852 0.013542 0.022222
0 0.467448 0.276852 0.022396 0.016667
0 0.467187 0.289352 0.026042 0.025000
0 0.452344 0.297685 0.018229 0.032407
0 0.475781 0.300463 0.021354 0.021296
0 0.474479 0.314815 0.028125 0.024074
0 0.459115 0.346759 0.017188 0.032407
0 0.470833 0.345833 0.021875 0.037963
0 0.456771 0.374074 0.027083 0.027778
0 0.498437 0.315741 0.019792 0.022222
0 0.497917 0.333333 0.017708 0.031481
0 0.486979 0.341204 0.020833 0.037963
0 0.502865 0.288426 0.013021 0.013889
0 0.511458 0.293056 0.017708 0.019444
0 0.504427 0.305556 0.017188 0.024074
0 0.526563 0.271759 0.018750 0.019444
0 0.537240 0.289352 0.018229 0.017593
0 0.536198 0.300000 0.021354 0.016667
0 0.521094 0.316667 0.019271 0.016667
0 0.539844 0.320833 0.023438 0.023148
0 0.512240 0.290278 0.016146 0.017593
0 0.548177 0.277315 0.016146 0.017593
0 0.572917 0.291204 0.021875 0.019444
0 0.566927 0.300926 0.016146 0.018519
0 0.564323 0.314815 0.021354 0.022222
0 0.577344 0.312963 0.021354 0.024074
0 0.594271 0.292593 0.020833 0.018519
0 0.590365 0.309259 0.018229 0.024074
0 0.618229 0.289815 0.015625 0.024074
0 0.630729 0.300463 0.017708 0.025000
0 0.616146 0.304630 0.016667 0.018519
0 0.627083 0.313426 0.014583 0.023148
0 0.643490 0.289352 0.009896 0.015741
0 0.655990 0.289815 0.013021 0.018519
0 0.658594 0.299537 0.018229 0.013889
0 0.681771 0.293519 0.013542 0.024074
0 0.671615 0.305556 0.014063 0.024074
0 0.683333 0.327315 0.025000 0.050926
0 0.697135 0.291667 0.013021 0.016667
0 0.692969 0.317130 0.023438 0.032407
0 0.728906 0.309259 0.018229 0.022222
0 0.710417 0.370833 0.030208 0.058333
0 0.751042 0.314352 0.014583 0.019444
0 0.738542 0.321296 0.019792 0.020370
0 0.770833 0.340278 0.019792 0.019444
0 0.641927 0.376852 0.021354 0.024074
0 0.624740 0.388426 0.018229 0.019444
0 0.611719 0.386111 0.017188 0.018519
0 0.603906 0.400926 0.022396 0.037037
0 0.581771 0.400926 0.021875 0.024074
0 0.554167 0.365741 0.017708 0.037037
0 0.572917 0.409259 0.014583 0.029630
0 0.564323 0.415278 0.018229 0.032407
0 0.530469 0.371759 0.027604 0.028704
0 0.532031 0.398148 0.028646 0.031481
0 0.505469 0.383796 0.031771 0.026852
0 0.475260 0.404167 0.026562 0.034259
0 0.476302 0.444444 0.022396 0.027778
0 0.499479 0.436111 0.027083 0.025926
0 0.558073 0.432870 0.026562 0.036111
0 0.528646 0.455556 0.034375 0.025926
0 0.542188 0.490741 0.039583 0.029630
0 0.542188 0.475463 0.025000 0.023148
0 0.508594 0.463426 0.020313 0.030556
0 0.490885 0.479167 0.022396 0.032407
0 0.455990 0.494444 0.033854 0.072222
0 0.445573 0.493519 0.020313 0.029630
0 0.419010 0.469444 0.030729 0.027778
0 0.402604 0.491204 0.022917 0.030556
0 0.425781 0.501389 0.026562 0.028704
0 0.447917 0.521296 0.040625 0.031481
0 0.435417 0.545833 0.045833 0.034259
0 0.377083 0.531944 0.030208 0.021296
0 0.389323 0.543056 0.044271 0.028704
0 0.400521 0.518056 0.030208 0.032407
0 0.412760 0.533333 0.028646 0.035185
0 0.498698 0.495833 0.017188 0.023148
0 0.508854 0.504630 0.022917 0.027778
0 0.497135 0.524074 0.047396 0.024074
0 0.505469 0.542593 0.027604 0.053704
0 0.530208 0.529630 0.023958 0.029630
0 0.540885 0.523148 0.017188 0.031481
0 0.527344 0.560185 0.030729 0.038889
0 0.547396 0.543056 0.038542 0.037963
0 0.578906 0.498148 0.023438 0.029630
0 0.598698 0.512963 0.024479 0.051852
0 0.572135 0.534259 0.020313 0.025926
0 0.565625 0.550463 0.025000 0.037963
0 0.548698 0.578704 0.025521 0.050000
0 0.576562 0.580556 0.037500 0.050000
0 0.587500 0.538426 0.021875 0.039815
0 0.605729 0.552778 0.030208 0.037037
0 0.623177 0.546759 0.024479 0.026852
0 0.632812 0.569444 0.027083 0.038889
0 0.611198 0.574074 0.024479 0.025926
0 0.619531 0.597222 0.046354 0.033333
0 0.644010 0.605556 0.033854 0.031481
0 0.619792 0.618519 0.044792 0.040741
0 0.666927 0.618981 0.031771 0.037963
0 0.517708 0.623611 0.054167 0.067593
0 0.561458 0.639815 0.046875 0.040741
0 0.449740 0.630556 0.046354 0.051852
0 0.424479 0.692593 0.041667 0.048148
0 0.461979 0.696759 0.051042 0.045370
0 0.503646 0.706019 0.039583 0.045370
0 0.538802 0.741204 0.049479 0.063889
0 0.568750 0.714815 0.060417 0.046296
0 0.620833 0.663426 0.031250 0.045370
0 0.614062 0.726852 0.030208 0.061111
0 0.646875 0.784722 0.044792 0.041667
0 0.667448 0.752315 0.051562 0.065741
0 0.667969 0.664815 0.026562 0.038889
0 0.683333 0.691667 0.055208 0.068519
0 0.703906 0.633796 0.047396 0.039815
0 0.709115 0.665741 0.028646 0.046296
0 0.729948 0.674074 0.056771 0.057407
0 0.753385 0.645370 0.040104 0.037037
0 0.760156 0.684259 0.047396 0.040741
0 0.754687 0.762500 0.062500 0.082407
0 0.696615 0.801389 0.033854 0.071296
0 0.722135 0.887037 0.049479 0.068519
0 0.825000 0.789352 0.063542 0.054630
0 0.810937 0.878241 0.053125 0.065741
0 0.854427 0.874074 0.056771 0.059259
0 0.920833 0.937500 0.067708 0.058333
0 0.917969 0.338426 0.048438 0.097222
0 0.984635 0.481019 0.030729 0.080556
0 0.897135 0.179167 0.014063 0.030556
0 0.922656 0.184259 0.020313 0.025926
0 0.952344 0.198611 0.025521 0.028704
0 0.847135 0.224537 0.031771 0.049074
0 0.326823 0.565741 0.038021 0.051852
