0 0.024219 0.122685 0.008854 0.012037
0 0.013542 0.129630 0.011458 0.011111
0 0.016927 0.137500 0.013021 0.010185
0 0.006771 0.141667 0.007292 0.012963
0 0.002344 0.167130 0.003646 0.013889
0 0.010677 0.170833 0.009896 0.010185
0 0.021875 0.174537 0.015625 0.012037
0 0.022396 0.184722 0.016667 0.012037
0 0.022396 0.147685 0.013542 0.008333
0 0.023698 0.153704 0.013021 0.007407
0 0.024740 0.158796 0.013021 0.010185
0 0.031771 0.169907 0.016667 0.013889
0 0.043490 0.173611 0.013021 0.015741
0 0.040365 0.122685 0.018229 0.013889
0 0.041667 0.129167 0.013542 0.010185
0 0.039062 0.135648 0.017708 0.012037
0 0.040104 0.145370 0.010417 0.011111
0 0.051302 0.144907 0.011979 0.012037
0 0.061979 0.139352 0.012500 0.010185
0 0.054948 0.118981 0.008854 0.010185
0 0.061719 0.126389 0.013021 0.010185
0 0.066406 0.131019 0.010937 0.010185
0 0.078385 0.131481 0.013021 0.014815
0 0.055729 0.168056 0.010417 0.012037
0 0.059375 0.174537 0.013542 0.012037
0 0.063542 0.160185 0.008333 0.012963
0 0.067187 0.166667 0.015625 0.014815
0 0.078646 0.161574 0.011458 0.008333
0 0.077083 0.166667 0.015625 0.009259
0 0.065625 0.188889 0.014583 0.012963
0 0.077344 0.180093 0.014063 0.013889
0 0.086458 0.152778 0.012500 0.012963
0 0.092708 0.160648 0.010417 0.015741
0 0.085938 0.166667 0.013542 0.014815
0 0.100521 0.166667 0.012500 0.012963
0 0.101042 0.174537 0.007292 0.012037
0 0.114583 0.115741 0.013542 0.018519
0 0.113542 0.156944 0.012500 0.013889
0 0.117188 0.188426 0.017708 0.023148
0 0.123177 0.174537 0.015104 0.012037
0 0.131771 0.150463 0.014583 0.015741
0 0.126823 0.160648 0.014063 0.013889
0 0.135417 0.174074 0.013542 0.016667
0 0.141146 0.163426 0.011458 0.015741
0 0.149479 0.170370 0.010417 0.016667
0 0.150000 0.136111 0.010417 0.011111
0 0.155729 0.150926 0.010417 0.011111
0 0.151302 0.192593 0.011979 0.012963
0 0.160156 0.193056 0.009896 0.010185
0 0.167969 0.190278 0.013021 0.012037
0 0.163021 0.179630 0.013542 0.012963
0 0.162500 0.162037 0.009375 0.014815
0 0.171875 0.165741 0.009375 0.014815
0 0.163021 0.141667 0.012500 0.009259
0 0.170313 0.120833 0.007292 0.015741
0 0.169271 0.131944 0.010417 0.010185
0 0.160156 0.132870 0.006771 0.012037
0 0.172396 0.146296 0.012500 0.012963
0 0.188021 0.122685 0.007292 0.012037
0 0.181771 0.147685 0.006250 0.013889
0 0.181250 0.158333 0.009375 0.014815
0 0.193490 0.143056 0.009896 0.012037
0 0.194271 0.150463 0.010417 0.010185
0 0.198437 0.159259 0.009375 0.009259
0 0.192708 0.162037 0.010417 0.012963
0 0.202344 0.142593 0.009896 0.011111
0 0.202604 0.149537 0.009375 0.012037
0 0.209896 0.147222 0.008333 0.012963
0 0.208854 0.154630 0.010417 0.011111
0 0.212240 0.159259 0.011979 0.014815
0 0.216667 0.145370 0.008333 0.012963
0 0.225521 0.152778 0.010417 0.009259
0 0.219271 0.160185 0.012500 0.012963
0 0.234115 0.153704 0.011979 0.012963
0 0.242708 0.152778 0.012500 0.014815
0 0.213281 0.404630 0.032813 0.018519
0 0.215365 0.393056 0.028646 0.013889
0 0.234115 0.393056 0.030729 0.019444
0 0.251823 0.401852 0.023438 0.025926
0 0.262240 0.363426 0.019271 0.021296
0 0.273438 0.359722 0.016667 0.026852
0 0.281771 0.377778 0.025000 0.020370
0 0.278385 0.345370 0.018229 0.022222
0 0.281510 0.327778 0.021354 0.018519
0 0.286719 0.308796 0.022396 0.023148
0 0.303125 0.301852 0.023958 0.020370
0 0.294531 0.322685 0.017188 0.021296
0 0.293490 0.338889 0.020313 0.020370
0 0.308073 0.361574 0.034896 0.043519
0 0.313281 0.286111 0.019271 0.024074
0 0.326302 0.304167 0.021354 0.028704
0 0.329167 0.315741 0.016667 0.033333
0 0.329167 0.356019 0.017708 0.036111
0 0.353385 0.295370 0.020313 0.042593
0 0.359375 0.285648 0.018750 0.037963
0 0.339062 0.307870 0.013542 0.017593
0 0.347917 0.313426 0.014583 0.023148
0 0.350781 0.347222 0.025521 0.025926
0 0.352865 0.366204 0.023438 0.030556
0 0.365104 0.244907 0.016667 0.015741
0 0.373698 0.222222 0.015104 0.018519
0 0.382552 0.214815 0.011979 0.024074
0 0.392448 0.228241 0.009896 0.019444
0 0.375781 0.239352 0.016146 0.017593
0 0.388281 0.202315 0.010937 0.021296
0 0.389062 0.252778 0.018750 0.020370
0 0.381510 0.295833 0.027604 0.025000
0 0.392188 0.186111 0.015625 0.016667
0 0.398958 0.194444 0.015625 0.014815
0 0.398698 0.203241 0.013021 0.015741
0 0.407292 0.185185 0.011458 0.014815
0 0.415104 0.182407 0.012500 0.018519
0 0.416146 0.197222 0.017708 0.016667
0 0.411458 0.207870 0.011458 0.017593
0 0.381510 0.319907 0.020313 0.032407
0 0.386719 0.337037 0.017188 0.033333
0 0.404948 0.367593 0.030729 0.033333
0 0.409635 0.279630 0.022396 0.029630
0 0.400521 0.288889 0.016667 0.025926
0 0.422917 0.258333 0.026042 0.053704
0 0.409635 0.259259 0.015104 0.025926
0 0.423698 0.304630 0.023438 0.048148
0 0.441406 0.313426 0.016146 0.039815
0 0.434896 0.333796 0.019792 0.032407
0 0.430469 0.178704 0.009896 0.011111
0 0.435156 0.186574 0.014063 0.013889
0 0.428125 0.194444 0.014583 0.018519
0 0.435937 0.205093 0.012500 0.019444
0 0.444792 0.184722 0.011458 0.010185
0 0.447396 0.193056 0.011458 0.015741
0 0.460938 0.186574 0.010417 0.013889
0 0.459375 0.195370 0.011458 0.016667
0 0.454688 0.203704 0.017708 0.018519
0 0.469531 0.196296 0.013021 0.014815
0 0.450521 0.219444 0.016667 0.016667
0 0.443229 0.230556 0.017708 0.016667
0 0.461198 0.251389 0.018229 0.015741
0 0.473958 0.248148 0.018750 0.018519
0 0.468229 0.231019 0.020833 0.019444
0 0.478906 0.215741 0.019271 0.018519
0 0.485938 0.203241 0.014583 0.019444
0 0.499740 0.200000 0.008854 0.014815
0 0.506510 0.202778 0.010937 0.016667
0 0.499740 0.216204 0.014063 0.013889
0 0.493750 0.229167 0.012500 0.017593
0 0.487760 0.236574 0.016146 0.023148
0 0.492448 0.256944 0.019271 0.017593
0 0.506771 0.237037 0.014583 0.020370
0 0.518490 0.217593 0.014063 0.031481
0 0.533594 0.217130 0.013021 0.019444
0 0.525781 0.224074 0.014063 0.016667
0 0.527865 0.238426 0.017188 0.019444
0 0.530469 0.255093 0.013021 0.021296
0 0.526823 0.272685 0.019271 0.017593
0 0.554688 0.231481 0.019792 0.018519
0 0.568229 0.228704 0.017708 0.014815
0 0.548958 0.249537 0.020833 0.025000
0 0.569010 0.248148 0.015104 0.016667
0 0.577083 0.244907 0.014583 0.017593
0 0.547135 0.276389 0.021354 0.025000
0 0.440625 0.282407 0.016667 0.020370
0 0.448177 0.277315 0.014063 0.023148
0 0.452083 0.298611 0.017708 0.034259
0 0.476042 0.300926 0.021875 0.020370
0 0.474219 0.316667 0.025521 0.025926
0 0.459896 0.345370 0.015625 0.027778
0 0.470833 0.342130 0.018750 0.043519
0 0.486719 0.339815 0.020313 0.040741
0 0.494271 0.328704 0.016667 0.042593
0 0.499219 0.311111 0.016146 0.035185
0 0.511458 0.293056 0.018750 0.025000
0 0.519531 0.309259 0.025521 0.020370
0 0.521615 0.318056 0.019271 0.023148
0 0.538021 0.288426 0.017708 0.017593
0 0.536979 0.301389 0.021875 0.021296
0 0.539323 0.320370 0.020313 0.022222
0 0.573438 0.292130 0.019792 0.021296
0 0.567969 0.302778 0.018229 0.022222
0 0.565365 0.316667 0.019271 0.020370
0 0.577344 0.312963 0.027604 0.022222
0 0.571354 0.326389 0.020833 0.021296
0 0.594531 0.294444 0.022396 0.022222
0 0.619531 0.288889 0.017188 0.025926
0 0.608333 0.304167 0.016667 0.017593
0 0.617188 0.304167 0.018750 0.023148
0 0.631510 0.300463 0.018229 0.028704
0 0.653646 0.292593 0.015625 0.020370
0 0.659115 0.303241 0.023438 0.023148
0 0.671094 0.307407 0.015104 0.024074
0 0.683073 0.295833 0.016146 0.023148
0 0.698958 0.303704 0.016667 0.035185
0 0.694271 0.316204 0.022917 0.030556
0 0.685156 0.330093 0.029687 0.052778
0 0.716406 0.304630 0.017188 0.018519
0 0.729688 0.311111 0.016667 0.024074
0 0.737760 0.322222 0.022396 0.022222
0 0.750521 0.315278 0.018750 0.023148
0 0.711719 0.374537 0.031771 0.060185
0 0.346354 0.403241 0.022917 0.032407
0 0.351823 0.438426 0.032813 0.036111
0 0.377344 0.446759 0.023438 0.039815
0 0.392448 0.449537 0.015104 0.056481
0 0.417448 0.468981 0.030729 0.034259
0 0.403906 0.488889 0.027604 0.040741
0 0.364063 0.532870 0.027083 0.030556
0 0.375781 0.535648 0.028646 0.021296
0 0.388281 0.544444 0.044271 0.031481
0 0.399479 0.518519 0.026042 0.029630
0 0.418490 0.529630 0.021354 0.038889
0 0.435417 0.543981 0.046875 0.034259
0 0.455469 0.493056 0.032813 0.071296
0 0.445573 0.494444 0.023438 0.031481
0 0.444271 0.521759 0.036458 0.030556
0 0.473438 0.405093 0.028125 0.041667
0 0.476562 0.444444 0.022917 0.025926
0 0.499740 0.438426 0.026562 0.025000
0 0.505469 0.386111 0.027604 0.029630
0 0.488802 0.480556 0.024479 0.033333
0 0.508073 0.466667 0.018229 0.033333
0 0.500260 0.496759 0.018229 0.023148
0 0.509375 0.505093 0.020833 0.026852
0 0.491927 0.526389 0.035937 0.025000
0 0.501823 0.547685 0.023438 0.058333
0 0.530208 0.369907 0.026042 0.026852
0 0.553385 0.368519 0.016146 0.046296
0 0.531510 0.398611 0.028646 0.030556
0 0.581250 0.401852 0.019792 0.025926
0 0.568490 0.413889 0.023438 0.033333
0 0.557813 0.434722 0.027083 0.043519
0 0.528646 0.456481 0.033333 0.027778
0 0.540885 0.473148 0.024479 0.025926
0 0.540625 0.493056 0.039583 0.030556
0 0.534375 0.532407 0.028125 0.029630
0 0.527083 0.560648 0.028125 0.037963
0 0.549479 0.545370 0.032292 0.025926
0 0.551562 0.579167 0.026042 0.045370
0 0.519010 0.625926 0.051562 0.068519
0 0.561198 0.642593 0.042188 0.050000
0 0.580208 0.497685 0.029167 0.026852
0 0.601562 0.515278 0.026042 0.052778
0 0.572656 0.535648 0.021354 0.023148
0 0.587760 0.539815 0.024479 0.044444
0 0.569531 0.556019 0.023438 0.026852
0 0.573958 0.578704 0.037500 0.050000
0 0.613542 0.549537 0.042708 0.028704
0 0.609115 0.555556 0.026562 0.031481
0 0.612500 0.574074 0.028125 0.035185
0 0.633854 0.568981 0.025000 0.041667
0 0.622656 0.595833 0.041146 0.032407
0 0.623437 0.622222 0.043750 0.035185
0 0.642188 0.607407 0.028125 0.035185
0 0.665104 0.620833 0.031250 0.052778
0 0.622396 0.665278 0.028125 0.047222
0 0.612500 0.723611 0.031250 0.062037
0 0.013542 0.586574 0.026042 0.039815
0 0.049740 0.581481 0.059896 0.037037
0 0.011979 0.648611 0.022917 0.052778
0 0.046354 0.727315 0.058333 0.047222
0 0.011458 0.751852 0.021875 0.033333
0 0.050000 0.820833 0.064583 0.069444
0 0.052083 0.860648 0.050000 0.075000
0 0.079948 0.740741 0.051562 0.055556
0 0.082552 0.788889 0.055729 0.040741
0 0.104167 0.834722 0.061458 0.041667
0 0.050521 0.581944 0.044792 0.039815
0 0.090625 0.593519 0.053125 0.051852
0 0.063542 0.621759 0.058333 0.043519
0 0.108073 0.629167 0.027604 0.047222
0 0.100521 0.657407 0.053125 0.040741
0 0.141667 0.589815 0.036458 0.081481
0 0.131771 0.796759 0.058333 0.050926
0 0.425000 0.693981 0.040625 0.045370
0 0.449479 0.631944 0.040625 0.054630
0 0.462500 0.697685 0.046875 0.050926
0 0.504687 0.706019 0.044792 0.052778
0 0.538542 0.745370 0.048958 0.072222
0 0.569792 0.718056 0.060417 0.052778
0 0.646354 0.781944 0.042708 0.045370
0 0.665885 0.751389 0.048438 0.073148
0 0.670312 0.679630 0.029167 0.062963
0 0.680469 0.638889 0.027604 0.037037
0 0.698698 0.805556 0.033854 0.068519
0 0.711719 0.668056 0.026562 0.054630
0 0.706510 0.632870 0.039062 0.045370
0 0.754687 0.648148 0.033333 0.048148
0 0.728906 0.679167 0.046354 0.075000
0 0.761198 0.688426 0.045312 0.047222
0 0.752083 0.762037 0.057292 0.085185
0 0.825781 0.789815 0.064062 0.062963
0 0.809115 0.883333 0.057813 0.083333
0 0.854427 0.878241 0.057813 0.071296
0 0.914323 0.937037 0.067187 0.074074
0 0.985156 0.491204 0.029687 0.086111
0 0.918750 0.338889 0.043750 0.090741
0 0.924740 0.183796 0.020313 0.028704
0 0.951562 0.199537 0.026042 0.028704
0 0.897656 0.184259 0.015104 0.040741
