0 0.050000 0.245370 0.008333 0.029630
0 0.035677 0.252315 0.013021 0.019444
0 0.028385 0.276852 0.009896 0.025926
0 0.040625 0.292130 0.012500 0.028704
0 0.023438 0.310185 0.011458 0.027778
0 0.014063 0.323611 0.013542 0.030556
0 0.009375 0.354167 0.015625 0.019444
0 0.014323 0.370833 0.013021 0.023148
0 0.004687 0.414352 0.008333 0.023148
0 0.067708 0.250463 0.009375 0.026852
0 0.078646 0.264352 0.010417 0.030556
0 0.066406 0.279630 0.008854 0.031481
0 0.062240 0.302778 0.017188 0.020370
0 0.080208 0.300000 0.009375 0.031481
0 0.090365 0.304630 0.010937 0.031481
0 0.075260 0.325463 0.010937 0.030556
0 0.057813 0.336574 0.010417 0.026852
0 0.041927 0.341667 0.009896 0.027778
0 0.036979 0.360648 0.017708 0.019444
0 0.053385 0.359722 0.014063 0.025000
0 0.067708 0.346759 0.012500 0.023148
0 0.069531 0.368519 0.011979 0.037037
0 0.030729 0.393981 0.012500 0.034259
0 0.020833 0.419444 0.012500 0.022222
0 0.046354 0.381944 0.013542 0.034259
0 0.040625 0.418056 0.011458 0.028704
0 0.081771 0.383796 0.014583 0.025000
0 0.082292 0.396759 0.007292 0.015741
0 0.085156 0.415278 0.008854 0.030556
0 0.053125 0.427315 0.016667 0.019444
0 0.016406 0.443056 0.015104 0.017593
0 0.019271 0.488426 0.010417 0.028704
0 0.034635 0.474537 0.013021 0.019444
0 0.056250 0.466204 0.018750 0.025000
0 0.048698 0.492130 0.009896 0.023148
0 0.039844 0.504630 0.014063 0.020370
0 0.080208 0.477315 0.010417 0.028704
0 0.005469 0.467593 0.009896 0.024074
0 0.090365 0.343519 0.009896 0.024074
0 0.098437 0.448611 0.010417 0.025000
0 0.136198 0.591667 0.009896 0.027778
0 0.145573 0.587963 0.010937 0.025926
0 0.142969 0.610648 0.013021 0.025000
0 0.152083 0.627315 0.010417 0.028704
0 0.163281 0.266667 0.010937 0.025926
0 0.157812 0.287500 0.013542 0.026852
0 0.154688 0.313426 0.009375 0.028704
0 0.147396 0.346759 0.009375 0.025000
0 0.157031 0.338426 0.011979 0.025000
0 0.155729 0.359722 0.011458 0.025000
0 0.144531 0.387500 0.013021 0.039815
0 0.146094 0.398611 0.014063 0.025000
0 0.158333 0.393056 0.014583 0.028704
0 0.160677 0.419907 0.017188 0.023148
0 0.171094 0.364352 0.010937 0.023148
0 0.166667 0.321296 0.010417 0.029630
0 0.170573 0.290278 0.008854 0.030556
0 0.179948 0.308796 0.010937 0.030556
0 0.170833 0.390741 0.012500 0.020370
0 0.173958 0.418056 0.011458 0.026852
0 0.183333 0.378241 0.011458 0.025000
0 0.188281 0.413426 0.013021 0.023148
0 0.198177 0.397685 0.007812 0.026852
0 0.195833 0.362963 0.012500 0.031481
0 0.192969 0.300463 0.009896 0.023148
0 0.192969 0.325926 0.008854 0.025926
0 0.202604 0.248148 0.014583 0.027778
0 0.218750 0.245370 0.010417 0.025926
0 0.209375 0.274074 0.010417 0.029630
0 0.203906 0.295370 0.014063 0.020370
0 0.212240 0.315741 0.008854 0.027778
0 0.210417 0.351852 0.017708 0.016667
0 0.205990 0.374074 0.013021 0.022222
0 0.215104 0.403241 0.010417 0.025000
0 0.209635 0.413889 0.008854 0.025926
0 0.157292 0.567130 0.007292 0.028704
0 0.165104 0.557870 0.011458 0.028704
0 0.157552 0.584722 0.010937 0.023148
0 0.158073 0.606944 0.014063 0.021296
0 0.172396 0.617130 0.013542 0.026852
0 0.182552 0.531481 0.010937 0.029630
0 0.196875 0.522222 0.009375 0.020370
0 0.179948 0.567593 0.010937 0.027778
0 0.194010 0.541667 0.007812 0.027778
0 0.187240 0.626852 0.008854 0.020370
0 0.195833 0.573148 0.011458 0.029630
0 0.211719 0.563889 0.011979 0.027778
0 0.220312 0.481019 0.013542 0.019444
0 0.222135 0.504167 0.009896 0.032407
0 0.215104 0.529167 0.008333 0.030556
0 0.223438 0.584259 0.011458 0.020370
0 0.203385 0.637037 0.014063 0.029630
0 0.226042 0.607870 0.012500 0.019444
0 0.221094 0.631019 0.009896 0.026852
0 0.219271 0.653704 0.009375 0.031481
0 0.222917 0.264815 0.011458 0.024074
0 0.226823 0.297222 0.011979 0.029630
0 0.228646 0.323148 0.015625 0.018519
0 0.225000 0.382407 0.009375 0.022222
0 0.227344 0.415278 0.013021 0.025000
0 0.239323 0.309722 0.015104 0.021296
0 0.243229 0.344444 0.010417 0.027778
0 0.245052 0.376389 0.013021 0.023148
0 0.245833 0.390741 0.009375 0.020370
0 0.252344 0.249074 0.007812 0.029630
0 0.264583 0.225463 0.007292 0.026852
0 0.279687 0.236111 0.008333 0.033333
0 0.268490 0.258333 0.014063 0.024074
0 0.254688 0.279167 0.011458 0.034259
0 0.264062 0.297222 0.009375 0.029630
0 0.282292 0.280556 0.012500 0.024074
0 0.277344 0.311574 0.016146 0.017593
0 0.262760 0.342130 0.013021 0.019444
0 0.284375 0.341204 0.017708 0.017593
0 0.289323 0.369444 0.013021 0.025926
0 0.273438 0.368519 0.014583 0.022222
0 0.260937 0.386574 0.015625 0.025000
0 0.283073 0.387963 0.015104 0.025926
0 0.288542 0.257407 0.014583 0.012963
0 0.291927 0.233796 0.014063 0.015741
0 0.254167 0.410648 0.010417 0.025000
0 0.230469 0.437500 0.008854 0.025000
0 0.231771 0.459722 0.009375 0.025000
0 0.230469 0.484722 0.010937 0.026852
0 0.221354 0.504630 0.009375 0.033333
0 0.232552 0.547685 0.013021 0.028704
0 0.244531 0.473148 0.008854 0.035185
0 0.239583 0.505093 0.009375 0.030556
0 0.255729 0.457870 0.012500 0.017593
0 0.261719 0.433796 0.008854 0.030556
0 0.245052 0.437037 0.007812 0.029630
0 0.279167 0.410648 0.014583 0.019444
0 0.292187 0.403704 0.012500 0.025926
0 0.278906 0.432407 0.010937 0.029630
0 0.290625 0.427315 0.010417 0.028704
0 0.279948 0.460185 0.009896 0.025926
0 0.252344 0.487037 0.009896 0.025926
0 0.261719 0.486111 0.009896 0.029630
0 0.253385 0.508796 0.018229 0.017593
0 0.284896 0.487500 0.013542 0.017593
0 0.246615 0.533333 0.019271 0.020370
0 0.258333 0.545370 0.014583 0.016667
0 0.291667 0.518519 0.015625 0.020370
0 0.275000 0.535185 0.012500 0.024074
0 0.273438 0.558796 0.013542 0.017593
0 0.282292 0.562037 0.010417 0.020370
0 0.250260 0.562037 0.007812 0.024074
0 0.240625 0.583333 0.017708 0.016667
0 0.257552 0.594907 0.011979 0.019444
0 0.280469 0.592130 0.007812 0.026852
0 0.291927 0.595833 0.010937 0.021296
0 0.252344 0.620370 0.008854 0.025926
0 0.230729 0.643056 0.013542 0.013889
0 0.242188 0.647685 0.019792 0.019444
0 0.234375 0.662500 0.008333 0.026852
0 0.262500 0.633796 0.010417 0.026852
0 0.289062 0.625000 0.010417 0.025926
0 0.277604 0.633333 0.010417 0.025926
0 0.260677 0.657870 0.010937 0.028704
0 0.253125 0.677315 0.015625 0.021296
0 0.274219 0.663889 0.010937 0.024074
0 0.287240 0.652315 0.014063 0.017593
0 0.279687 0.677315 0.012500 0.017593
0 0.292708 0.675000 0.017708 0.022222
0 0.293229 0.144444 0.008333 0.025926
0 0.286198 0.192593 0.008854 0.031481
0 0.297396 0.189815 0.015625 0.018519
0 0.309115 0.162500 0.007812 0.032407
0 0.321615 0.139815 0.009896 0.031481
0 0.333073 0.137500 0.014063 0.025000
0 0.346615 0.130093 0.009896 0.030556
0 0.362760 0.128704 0.014063 0.020370
0 0.353646 0.147685 0.009375 0.030556
0 0.329427 0.190741 0.009896 0.031481
0 0.322917 0.155093 0.009375 0.028704
0 0.315885 0.181481 0.013021 0.031481
0 0.354948 0.171759 0.010937 0.025000
0 0.345052 0.207407 0.017188 0.024074
0 0.320573 0.212963 0.019271 0.016667
0 0.300781 0.214352 0.017188 0.017593
0 0.307292 0.241204 0.015625 0.017593
0 0.355729 0.230556 0.015625 0.027778
0 0.363021 0.206944 0.012500 0.028704
0 0.296094 0.303704 0.010937 0.027778
0 0.291667 0.321759 0.009375 0.030556
0 0.305729 0.324074 0.009375 0.027778
0 0.302083 0.350000 0.010417 0.027778
0 0.289583 0.367593 0.013542 0.027778
0 0.322656 0.379630 0.007812 0.031481
0 0.334896 0.364352 0.011458 0.026852
0 0.310677 0.395833 0.009896 0.028704
0 0.339583 0.393056 0.009375 0.030556
0 0.325781 0.413889 0.008854 0.025926
0 0.341146 0.435648 0.010417 0.030556
0 0.352604 0.416204 0.014583 0.021296
0 0.310677 0.454630 0.011979 0.024074
0 0.303385 0.482870 0.013021 0.028704
0 0.321354 0.472685 0.009375 0.028704
0 0.331510 0.464352 0.015104 0.025000
0 0.352865 0.436574 0.008854 0.026852
0 0.347135 0.451852 0.008854 0.031481
0 0.352083 0.469907 0.010417 0.025000
0 0.309896 0.527778 0.008333 0.025926
0 0.323958 0.502778 0.008333 0.027778
0 0.334896 0.486111 0.013542 0.022222
0 0.346875 0.498611 0.016667 0.019444
0 0.353385 0.518056 0.011979 0.026852
0 0.335938 0.521759 0.011458 0.028704
0 0.322917 0.534722 0.014583 0.019444
0 0.309375 0.553241 0.015625 0.015741
0 0.303906 0.568981 0.010937 0.026852
0 0.315625 0.566667 0.013542 0.029630
0 0.331250 0.555093 0.010417 0.023148
0 0.339844 0.542593 0.009896 0.027778
0 0.350521 0.543056 0.012500 0.030556
0 0.356250 0.571296 0.012500 0.031481
0 0.342969 0.565741 0.010937 0.031481
0 0.327865 0.578241 0.015104 0.021296
0 0.303906 0.601389 0.014063 0.019444
0 0.317708 0.600463 0.010417 0.021296
0 0.297917 0.734259 0.010417 0.027778
0 0.325781 0.714352 0.009896 0.023148
0 0.302604 0.640278 0.009375 0.032407
0 0.313021 0.627778 0.011458 0.024074
0 0.322396 0.648611 0.013542 0.012037
0 0.308333 0.660648 0.012500 0.021296
0 0.319010 0.675926 0.011979 0.031481
0 0.330990 0.731944 0.009896 0.026852
0 0.328906 0.609722 0.008854 0.025000
0 0.353646 0.603241 0.015625 0.023148
0 0.344010 0.623148 0.018229 0.025926
0 0.336979 0.637500 0.015625 0.019444
0 0.341927 0.661111 0.008854 0.033333
0 0.318229 0.671759 0.010417 0.034259
0 0.353125 0.652315 0.010417 0.025000
0 0.354687 0.674537 0.016667 0.019444
0 0.360156 0.693056 0.011979 0.025000
0 0.377344 0.127315 0.008854 0.026852
0 0.392969 0.144444 0.009896 0.029630
0 0.370573 0.146296 0.009896 0.024074
0 0.362500 0.128704 0.012500 0.022222
0 0.385417 0.163889 0.010417 0.025926
0 0.372917 0.175463 0.010417 0.028704
0 0.393750 0.188889 0.009375 0.027778
0 0.380469 0.202315 0.010937 0.026852
0 0.376042 0.229167 0.010417 0.030556
0 0.359896 0.249537 0.010417 0.030556
0 0.391406 0.229167 0.010937 0.028704
0 0.390104 0.244907 0.009375 0.021296
0 0.384896 0.260648 0.010417 0.023148
0 0.402604 0.291204 0.014583 0.015741
0 0.390365 0.306019 0.010937 0.025000
0 0.404427 0.311574 0.011979 0.026852
0 0.395052 0.326389 0.011979 0.026852
0 0.384635 0.334722 0.009896 0.034259
0 0.394531 0.346296 0.011979 0.027778
0 0.407552 0.359722 0.018229 0.021296
0 0.370573 0.406019 0.014063 0.023148
0 0.364844 0.431944 0.013021 0.025000
0 0.363802 0.457870 0.011979 0.032407
0 0.381250 0.428241 0.010417 0.028704
0 0.401823 0.384722 0.015104 0.025000
0 0.400000 0.412500 0.010417 0.028704
0 0.419010 0.425000 0.011979 0.024074
0 0.433333 0.415741 0.012500 0.025926
0 0.395052 0.442130 0.010937 0.026852
0 0.391927 0.467130 0.009896 0.025000
0 0.383333 0.487963 0.009375 0.029630
0 0.429688 0.450463 0.009375 0.026852
0 0.404948 0.472222 0.009896 0.027778
0 0.417969 0.481019 0.017188 0.021296
0 0.396615 0.488889 0.010937 0.027778
0 0.413021 0.500000 0.010417 0.027778
0 0.368229 0.510648 0.009375 0.030556
0 0.364063 0.528704 0.010417 0.029630
0 0.366146 0.550000 0.011458 0.024074
0 0.356510 0.571759 0.010937 0.028704
0 0.365625 0.593519 0.012500 0.024074
0 0.371094 0.625463 0.009896 0.025000
0 0.358854 0.631944 0.011458 0.023148
0 0.387760 0.560185 0.016146 0.027778
0 0.398698 0.517130 0.010937 0.028704
0 0.410677 0.530556 0.017188 0.024074
0 0.428385 0.517593 0.011979 0.031481
0 0.433594 0.497222 0.016146 0.016667
0 0.422917 0.541204 0.014583 0.015741
0 0.412500 0.547685 0.010417 0.023148
0 0.429167 0.568981 0.011458 0.026852
0 0.409375 0.581944 0.015625 0.017593
0 0.392969 0.584259 0.017188 0.022222
0 0.380729 0.616667 0.011458 0.033333
0 0.394271 0.605093 0.011458 0.026852
0 0.386458 0.627315 0.018750 0.019444
0 0.377083 0.653241 0.018750 0.023148
0 0.407031 0.611111 0.008854 0.022222
0 0.417448 0.618981 0.015104 0.025000
0 0.400521 0.632407 0.011458 0.027778
0 0.435156 0.618056 0.008854 0.026852
0 0.376563 0.652778 0.018750 0.024074
0 0.387500 0.675000 0.010417 0.027778
0 0.492708 0.337037 0.012500 0.018519
0 0.444531 0.433796 0.010937 0.017593
0 0.442448 0.462500 0.010937 0.026852
0 0.456250 0.448611 0.010417 0.030556
0 0.485156 0.446296 0.008854 0.025926
0 0.465104 0.475463 0.008333 0.025000
0 0.446094 0.484259 0.010937 0.025926
0 0.478385 0.479167 0.017188 0.019444
0 0.509115 0.452315 0.010937 0.028704
0 0.494792 0.485185 0.012500 0.037037
0 0.474740 0.503241 0.017188 0.017593
0 0.461719 0.502315 0.008854 0.021296
0 0.452604 0.514815 0.011458 0.024074
0 0.440104 0.527778 0.010417 0.020370
0 0.444531 0.542593 0.013021 0.018519
0 0.467708 0.526389 0.011458 0.023148
0 0.480729 0.519907 0.015625 0.017593
0 0.504687 0.519444 0.009375 0.020370
0 0.496094 0.541204 0.008854 0.028704
0 0.488021 0.560648 0.009375 0.025000
0 0.475260 0.565278 0.011979 0.017593
0 0.460417 0.568519 0.010417 0.025926
0 0.469271 0.583333 0.013542 0.020370
0 0.461458 0.590741 0.014583 0.014815
0 0.455208 0.598148 0.007292 0.020370
0 0.483073 0.586574 0.010937 0.032407
0 0.485417 0.618981 0.011458 0.021296
0 0.488021 0.768519 0.013542 0.020370
0 0.499479 0.787037 0.013542 0.016667
0 0.510156 0.786574 0.008854 0.032407
0 0.484375 0.797685 0.009375 0.030556
0 0.497135 0.809722 0.009896 0.026852
0 0.483333 0.825000 0.012500 0.027778
0 0.457031 0.909259 0.007812 0.029630
0 0.463542 0.914352 0.008333 0.034259
0 0.495833 0.843519 0.009375 0.027778
0 0.483594 0.867593 0.008854 0.027778
0 0.477344 0.892130 0.009896 0.030556
0 0.488802 0.889815 0.008854 0.025926
0 0.481510 0.916204 0.017188 0.025000
0 0.513281 0.843981 0.009896 0.021296
0 0.499740 0.875926 0.011979 0.024074
0 0.501823 0.905093 0.013021 0.037963
0 0.498177 0.917130 0.009896 0.026852
0 0.487500 0.941204 0.009375 0.030556
0 0.492969 0.947222 0.013021 0.016667
0 0.502865 0.945833 0.009896 0.026852
0 0.491406 0.960648 0.011979 0.013889
0 0.516927 0.875463 0.013021 0.021296
0 0.512240 0.941667 0.011979 0.018519
0 0.508594 0.555093 0.010937 0.017593
0 0.508333 0.651389 0.008333 0.025000
0 0.510938 0.617593 0.009375 0.027778
0 0.513281 0.595370 0.009896 0.029630
0 0.517969 0.575000 0.015104 0.022222
0 0.518229 0.506481 0.012500 0.016667
0 0.521094 0.446759 0.014063 0.023148
0 0.523177 0.465278 0.009896 0.026852
0 0.528906 0.484259 0.017188 0.018519
0 0.534635 0.519444 0.011979 0.037037
0 0.537500 0.494907 0.011458 0.025000
0 0.525781 0.534722 0.013021 0.028704
0 0.524219 0.556019 0.011979 0.025000
0 0.529167 0.600926 0.009375 0.029630
0 0.522396 0.624074 0.011458 0.040741
0 0.535417 0.446296 0.016667 0.022222
0 0.535937 0.465278 0.011458 0.032407
0 0.553125 0.451852 0.010417 0.025926
0 0.566667 0.444444 0.009375 0.027778
0 0.576823 0.451852 0.008854 0.033333
0 0.547396 0.481019 0.011458 0.036111
0 0.570573 0.486111 0.009896 0.033333
0 0.559635 0.506944 0.009896 0.028704
0 0.550000 0.522685 0.010417 0.037963
0 0.570573 0.517130 0.009896 0.036111
0 0.574479 0.536574 0.011458 0.032407
0 0.561458 0.537037 0.018750 0.020370
0 0.549740 0.554167 0.016146 0.028704
0 0.538802 0.579630 0.008854 0.037037
0 0.550781 0.593056 0.009896 0.034259
0 0.570573 0.560648 0.017188 0.026852
0 0.540365 0.620370 0.011979 0.033333
0 0.556510 0.760648 0.010937 0.039815
0 0.539844 0.798148 0.011979 0.037037
0 0.523177 0.896296 0.013021 0.024074
0 0.520052 0.903704 0.014063 0.016667
0 0.530208 0.914815 0.019792 0.016667
0 0.567969 0.770833 0.008854 0.030556
0 0.579427 0.792130 0.009896 0.036111
0 0.566927 0.795833 0.011979 0.030556
0 0.554427 0.785185 0.009896 0.035185
0 0.538021 0.815278 0.010417 0.036111
0 0.538021 0.842593 0.009375 0.031481
0 0.552865 0.831944 0.010937 0.034259
0 0.576823 0.820833 0.010937 0.032407
0 0.564844 0.839352 0.010937 0.026852
0 0.548698 0.851389 0.009896 0.023148
0 0.537760 0.868981 0.009896 0.028704
0 0.550260 0.881481 0.014063 0.024074
0 0.563802 0.863889 0.011979 0.027778
0 0.582031 0.845370 0.010937 0.031481
0 0.570312 0.901852 0.010417 0.037037
0 0.561979 0.944444 0.009375 0.029630
0 0.581510 0.943056 0.014063 0.017593
0 0.525521 0.946759 0.014583 0.023148
0 0.539323 0.952778 0.009896 0.031481
0 0.521354 0.962963 0.011458 0.014815
0 0.582552 0.876389 0.013021 0.026852
0 0.589844 0.815278 0.011979 0.023148
0 0.605990 0.814815 0.014063 0.031481
0 0.619792 0.824537 0.008333 0.030556
0 0.595573 0.841204 0.011979 0.028704
0 0.597917 0.866204 0.010417 0.025000
0 0.597396 0.889815 0.009375 0.031481
0 0.602604 0.916204 0.010417 0.026852
0 0.587500 0.916204 0.010417 0.037963
0 0.609635 0.848611 0.009896 0.025000
0 0.619792 0.853241 0.012500 0.015741
0 0.615104 0.875463 0.010417 0.030556
0 0.613542 0.900000 0.012500 0.031481
0 0.576823 0.596759 0.014063 0.021296
0 0.588802 0.590741 0.013021 0.025926
0 0.585156 0.612037 0.011979 0.024074
0 0.588802 0.540278 0.013021 0.021296
0 0.585677 0.563426 0.011979 0.026852
0 0.600260 0.579630 0.014063 0.037037
0 0.603646 0.549074 0.010417 0.027778
0 0.606771 0.567130 0.015625 0.021296
0 0.586458 0.436574 0.008333 0.032407
0 0.590625 0.456019 0.010417 0.023148
0 0.586458 0.469907 0.010417 0.025000
0 0.586458 0.500926 0.010417 0.035185
0 0.603646 0.436574 0.010417 0.028704
0 0.604427 0.461111 0.009896 0.031481
0 0.616406 0.449074 0.008854 0.027778
0 0.622917 0.471759 0.011458 0.034259
0 0.638802 0.481944 0.011979 0.037963
0 0.621354 0.494907 0.011458 0.028704
0 0.605990 0.487500 0.016146 0.028704
0 0.598698 0.512500 0.013021 0.028704
0 0.612500 0.527778 0.016667 0.014815
0 0.639583 0.504630 0.014583 0.025926
0 0.629167 0.517130 0.016667 0.026852
0 0.652083 0.450926 0.010417 0.031481
0 0.659635 0.518519 0.011979 0.033333
0 0.669010 0.494444 0.011979 0.031481
0 0.665365 0.462963 0.010937 0.031481
0 0.674740 0.445370 0.009896 0.024074
0 0.688542 0.461574 0.011458 0.026852
0 0.704167 0.444907 0.015625 0.023148
0 0.699740 0.464815 0.011979 0.031481
0 0.684896 0.490278 0.010417 0.034259
0 0.697917 0.493056 0.015625 0.021296
0 0.712500 0.487963 0.011458 0.038889
0 0.720052 0.450463 0.011979 0.036111
0 0.721354 0.467593 0.016667 0.029630
0 0.726562 0.496759 0.008333 0.032407
0 0.713281 0.539352 0.011979 0.032407
0 0.726562 0.531019 0.013542 0.037963
0 0.708073 0.561574 0.010937 0.028704
0 0.727865 0.569444 0.008854 0.029630
0 0.669792 0.140741 0.010417 0.031481
0 0.644271 0.257407 0.019792 0.022222
0 0.628125 0.305093 0.011458 0.021296
0 0.734375 0.125000 0.009375 0.027778
0 0.810417 0.136574 0.012500 0.030556
0 0.808333 0.168056 0.014583 0.041667
0 0.846875 0.078241 0.014583 0.019444
0 0.852083 0.054167 0.009375 0.032407
0 0.867969 0.055556 0.010937 0.029630
0 0.859375 0.075926 0.012500 0.027778
0 0.870833 0.100926 0.014583 0.022222
0 0.859896 0.118981 0.016667 0.026852
0 0.873437 0.136111 0.015625 0.024074
0 0.838542 0.155556 0.020833 0.020370
0 0.825000 0.167130 0.015625 0.023148
0 0.825521 0.209259 0.013542 0.027778
0 0.821615 0.242593 0.016146 0.024074
0 0.818750 0.268981 0.016667 0.023148
0 0.847135 0.200926 0.009896 0.035185
0 0.835417 0.225926 0.014583 0.031481
0 0.836719 0.249537 0.015104 0.025000
0 0.844271 0.239352 0.016667 0.019444
0 0.860156 0.205093 0.016146 0.017593
0 0.878125 0.206019 0.013542 0.026852
0 0.873958 0.234259 0.011458 0.035185
0 0.859115 0.243981 0.009896 0.025000
0 0.868229 0.258796 0.011458 0.026852
0 0.859115 0.257407 0.011979 0.024074
0 0.844271 0.265278 0.010417 0.036111
0 0.854688 0.281944 0.012500 0.032407
0 0.876563 0.272222 0.010417 0.025926
0 0.884375 0.067130 0.014583 0.019444
0 0.914583 0.039815 0.011458 0.022222
0 0.922135 0.053704 0.008854 0.027778
0 0.894531 0.085648 0.008854 0.025000
0 0.887240 0.097685 0.016146 0.023148
0 0.880990 0.120370 0.011979 0.025926
0 0.915365 0.073148 0.017188 0.022222
0 0.934635 0.072222 0.014063 0.018519
0 0.913802 0.093056 0.011979 0.030556
0 0.927344 0.104630 0.010937 0.033333
0 0.952604 0.075463 0.012500 0.030556
0 0.943750 0.095833 0.012500 0.034259
0 0.921354 0.134259 0.011458 0.024074
0 0.947917 0.125463 0.014583 0.015741
0 0.908854 0.136574 0.009375 0.026852
0 0.902344 0.158796 0.010937 0.025000
0 0.891927 0.206944 0.014063 0.026852
0 0.900521 0.225000 0.011458 0.033333
0 0.909115 0.201852 0.011979 0.027778
0 0.921094 0.208333 0.010937 0.025926
0 0.949479 0.150926 0.011458 0.031481
0 0.940625 0.198611 0.010417 0.028704
0 0.946615 0.230093 0.014063 0.025000
0 0.895833 0.275000 0.012500 0.033333
0 0.883333 0.284722 0.012500 0.026852
0 0.916667 0.268056 0.010417 0.025000
0 0.898438 0.302778 0.013542 0.024074
0 0.916406 0.293519 0.015104 0.016667
0 0.927865 0.287500 0.010937 0.028704
0 0.950260 0.276389 0.011979 0.034259
0 0.949219 0.305556 0.014063 0.024074
0 0.935156 0.335648 0.013021 0.032407
0 0.922917 0.337037 0.012500 0.029630
0 0.920312 0.309259 0.016667 0.018519
0 0.906771 0.326852 0.013542 0.024074
0 0.884635 0.350000 0.010937 0.022222
0 0.893229 0.383796 0.012500 0.025000
0 0.915365 0.374537 0.015104 0.021296
0 0.928125 0.365278 0.014583 0.021296
0 0.929427 0.394907 0.008854 0.032407
0 0.923698 0.421759 0.013021 0.030556
0 0.993490 0.051852 0.010937 0.029630
0 0.979688 0.077778 0.018750 0.022222
0 0.964063 0.093519 0.013542 0.025926
0 0.980729 0.131481 0.010417 0.029630
0 0.959375 0.192593 0.011458 0.031481
0 0.973177 0.189352 0.009896 0.028704
0 0.985156 0.182407 0.011979 0.025926
0 0.992969 0.204630 0.014063 0.014815
0 0.992448 0.216667 0.015104 0.020370
0 0.963542 0.220833 0.011458 0.026852
0 0.960417 0.251389 0.012500 0.030556
0 0.964844 0.280556 0.011979 0.027778
0 0.959896 0.328704 0.011458 0.024074
0 0.973698 0.369444 0.017188 0.038889
0 0.939323 0.438889 0.010937 0.027778
0 0.933333 0.450000 0.011458 0.025926
0 0.925000 0.471296 0.014583 0.022222
0 0.970573 0.439815 0.015104 0.022222
0 0.945573 0.456019 0.010937 0.019444
0 0.967187 0.465278 0.014583 0.036111
0 0.941146 0.472222 0.019792 0.016667
0 0.943229 0.492130 0.013542 0.026852
0 0.958333 0.496759 0.012500 0.026852
0 0.943229 0.516204 0.012500 0.028704
0 0.977865 0.485648 0.018229 0.017593
0 0.973958 0.514352 0.014583 0.026852
0 0.957292 0.520370 0.010417 0.029630
0 0.993490 0.485185 0.013021 0.024074
0 0.995833 0.521296 0.008333 0.031481
0 0.983594 0.596759 0.011979 0.030556
0 0.997656 0.593519 0.004687 0.033333
0 0.759375 0.386111 0.017708 0.024074
0 0.729427 0.607870 0.011979 0.025000
0 0.738021 0.457870 0.009375 0.032407
0 0.746875 0.477315 0.013542 0.017593
0 0.737500 0.489352 0.012500 0.034259
0 0.738542 0.511574 0.012500 0.026852
0 0.745833 0.516204 0.013542 0.034259
0 0.741667 0.583796 0.010417 0.032407
0 0.745833 0.613889 0.012500 0.038889
0 0.768490 0.440741 0.010937 0.033333
0 0.777344 0.421759 0.013021 0.023148
0 0.782292 0.449074 0.009375 0.027778
0 0.792188 0.449537 0.009375 0.034259
0 0.764844 0.478704 0.009896 0.025926
0 0.759635 0.499537 0.013021 0.028704
0 0.770312 0.501852 0.012500 0.035185
0 0.777344 0.480093 0.011979 0.026852
0 0.799219 0.466667 0.011979 0.024074
0 0.798958 0.493519 0.008333 0.020370
0 0.786719 0.498148 0.014063 0.029630
0 0.798698 0.514352 0.008854 0.037963
0 0.785417 0.525000 0.015625 0.033333
0 0.770052 0.544907 0.010937 0.025000
0 0.763281 0.577778 0.020313 0.027778
0 0.777083 0.573611 0.016667 0.015741
0 0.800781 0.551852 0.014063 0.024074
0 0.798958 0.575463 0.013542 0.028704
0 0.783594 0.599074 0.011979 0.029630
0 0.757031 0.594444 0.013021 0.027778
0 0.768490 0.605556 0.018229 0.020370
0 0.772396 0.632407 0.010417 0.031481
0 0.788802 0.621759 0.010937 0.026852
0 0.778906 0.659722 0.013021 0.026852
0 0.820312 0.441204 0.012500 0.019444
0 0.810677 0.453704 0.016146 0.016667
0 0.808594 0.476389 0.011979 0.028704
0 0.826302 0.464352 0.014063 0.028704
0 0.816406 0.489815 0.014063 0.024074
0 0.807031 0.508333 0.011979 0.025926
0 0.848698 0.481481 0.009896 0.029630
0 0.836719 0.502778 0.009896 0.029630
0 0.822917 0.516667 0.010417 0.035185
0 0.815104 0.547222 0.012500 0.031481
0 0.851562 0.508333 0.008333 0.033333
0 0.863802 0.503704 0.011979 0.027778
0 0.836719 0.525000 0.009896 0.025926
0 0.826823 0.549537 0.015104 0.023148
0 0.837760 0.556944 0.011979 0.026852
0 0.866146 0.544444 0.013542 0.029630
0 0.813281 0.587963 0.016146 0.022222
0 0.804167 0.604630 0.014583 0.025926
0 0.801823 0.627778 0.010937 0.035185
0 0.800000 0.665741 0.008333 0.029630
0 0.814063 0.648611 0.013542 0.019444
0 0.819531 0.621296 0.008854 0.027778
0 0.825521 0.639352 0.016667 0.019444
0 0.827344 0.667593 0.013021 0.022222
0 0.830469 0.704630 0.011979 0.022222
0 0.834375 0.579167 0.011458 0.026852
0 0.849219 0.589352 0.010937 0.032407
0 0.834896 0.611111 0.011458 0.035185
0 0.882812 0.559722 0.014583 0.030556
0 0.873698 0.570370 0.009896 0.037037
0 0.897396 0.573611 0.013542 0.023148
0 0.896094 0.595370 0.011979 0.016667
0 0.873958 0.604167 0.014583 0.025000
0 0.890365 0.611574 0.010937 0.028704
0 0.864323 0.632407 0.016146 0.018519
0 0.867969 0.664352 0.009896 0.030556
0 0.839063 0.650463 0.013542 0.025000
0 0.838802 0.669444 0.009896 0.024074
0 0.847396 0.687500 0.012500 0.023148
0 0.863542 0.682870 0.011458 0.019444
0 0.855990 0.708333 0.015104 0.020370
0 0.860677 0.749074 0.017188 0.027778
0 0.823177 0.836574 0.013021 0.019444
0 0.862500 0.759259 0.009375 0.024074
0 0.852083 0.776852 0.020833 0.024074
0 0.850521 0.793981 0.010417 0.023148
0 0.833073 0.842130 0.013021 0.025000
0 0.843490 0.849537 0.013021 0.019444
0 0.834896 0.867593 0.009375 0.031481
0 0.841406 0.940278 0.015104 0.034259
0 0.848698 0.872222 0.013021 0.031481
0 0.854948 0.834259 0.014063 0.025926
0 0.868750 0.832407 0.014583 0.025926
0 0.895573 0.775463 0.013021 0.030556
0 0.883594 0.782407 0.015104 0.025926
0 0.884635 0.801389 0.007812 0.032407
0 0.877083 0.809722 0.011458 0.034259
0 0.901563 0.809722 0.018750 0.028704
0 0.892708 0.824074 0.011458 0.022222
0 0.905729 0.824537 0.014583 0.023148
0 0.886458 0.846759 0.012500 0.028704
0 0.861198 0.876852 0.018229 0.031481
0 0.878906 0.879630 0.018229 0.024074
0 0.905469 0.867130 0.015104 0.021296
0 0.904167 0.846759 0.015625 0.019444
0 0.896354 0.896296 0.013542 0.027778
0 0.909635 0.891667 0.011979 0.031481
0 0.876042 0.912037 0.011458 0.027778
0 0.854427 0.916667 0.011979 0.029630
0 0.855208 0.946759 0.010417 0.037963
0 0.867188 0.937037 0.010417 0.035185
0 0.885677 0.912037 0.013021 0.024074
0 0.895573 0.913426 0.011979 0.028704
0 0.906510 0.925926 0.009896 0.029630
0 0.883854 0.937037 0.011458 0.027778
0 0.872135 0.956481 0.009896 0.025926
0 0.883594 0.963426 0.016146 0.017593
0 0.904427 0.944444 0.011979 0.037037
0 0.919531 0.817593 0.009896 0.024074
0 0.915104 0.845833 0.014583 0.032407
