0 0.023958 0.123148 0.010417 0.012963
0 0.013021 0.130093 0.012500 0.010185
0 0.024219 0.132870 0.014063 0.010185
0 0.016406 0.137500 0.013021 0.010185
0 0.006510 0.140741 0.008854 0.012963
0 0.011979 0.147222 0.011458 0.012963
0 0.040885 0.124074 0.016146 0.011111
0 0.041667 0.129630 0.011458 0.009259
0 0.039583 0.135185 0.015625 0.011111
0 0.021875 0.147685 0.011458 0.010185
0 0.023177 0.152778 0.009896 0.007407
0 0.054688 0.118981 0.008333 0.010185
0 0.062760 0.127778 0.014063 0.016667
0 0.077865 0.130556 0.011979 0.012963
0 0.060937 0.140278 0.013542 0.012037
0 0.050521 0.146296 0.014583 0.012963
0 0.040365 0.145833 0.010937 0.012037
0 0.002604 0.167593 0.004167 0.014815
0 0.010937 0.171296 0.008333 0.009259
0 0.021354 0.173148 0.014583 0.012963
0 0.022396 0.185185 0.017708 0.014815
0 0.032031 0.169444 0.015104 0.012963
0 0.043750 0.172685 0.011458 0.015741
0 0.054688 0.168519 0.006250 0.012963
0 0.059896 0.175926 0.012500 0.012963
0 0.067969 0.164352 0.016146 0.021296
0 0.064062 0.188889 0.020833 0.016667
0 0.076042 0.164815 0.014583 0.016667
0 0.085417 0.168519 0.014583 0.016667
0 0.079427 0.180556 0.014063 0.014815
0 0.087500 0.154167 0.012500 0.012037
0 0.093229 0.161111 0.009375 0.014815
0 0.100521 0.171296 0.009375 0.022222
0 0.114844 0.115741 0.014063 0.018519
0 0.114062 0.157407 0.009375 0.012963
0 0.116667 0.187963 0.016667 0.022222
0 0.122917 0.175463 0.012500 0.013889
0 0.126042 0.168981 0.012500 0.012037
0 0.127344 0.159722 0.015104 0.015741
0 0.131771 0.150463 0.014583 0.015741
0 0.141927 0.163426 0.013021 0.017593
0 0.137760 0.175463 0.018229 0.023148
0 0.155990 0.151389 0.010937 0.012037
0 0.147656 0.159722 0.007812 0.010185
0 0.155990 0.164815 0.014063 0.014815
0 0.151562 0.192593 0.011458 0.011111
0 0.161198 0.193519 0.011979 0.011111
0 0.168229 0.190741 0.013542 0.009259
0 0.163542 0.180093 0.014583 0.015741
0 0.163281 0.163889 0.010937 0.014815
0 0.165625 0.170370 0.011458 0.012963
0 0.163281 0.140741 0.011979 0.009259
0 0.171354 0.147222 0.012500 0.012963
0 0.170833 0.121296 0.007292 0.016667
0 0.168229 0.131944 0.010417 0.010185
0 0.171615 0.164352 0.007812 0.013889
0 0.181250 0.159259 0.009375 0.014815
0 0.182552 0.149074 0.007812 0.011111
0 0.193490 0.143519 0.009896 0.011111
0 0.191927 0.163889 0.010937 0.012963
0 0.198177 0.161111 0.007812 0.014815
0 0.202083 0.143519 0.010417 0.009259
0 0.201823 0.150926 0.009896 0.012963
0 0.209375 0.146759 0.009375 0.010185
0 0.216146 0.144907 0.007292 0.012037
0 0.208333 0.155093 0.008333 0.010185
0 0.211198 0.158796 0.008854 0.010185
0 0.218490 0.161574 0.011979 0.015741
0 0.217448 0.152315 0.007812 0.008333
0 0.225781 0.152778 0.008854 0.009259
0 0.233333 0.154167 0.011458 0.012037
0 0.228125 0.158796 0.008333 0.012037
0 0.241406 0.150463 0.009896 0.012037
0 0.214323 0.399537 0.027604 0.026852
0 0.214844 0.392130 0.026562 0.015741
0 0.233854 0.394444 0.026042 0.020370
0 0.252865 0.401852 0.023438 0.025926
0 0.261198 0.359722 0.017188 0.017593
0 0.263021 0.368981 0.011458 0.021296
0 0.273438 0.359722 0.017708 0.026852
0 0.282552 0.376852 0.025521 0.020370
0 0.280208 0.327778 0.017708 0.020370
0 0.282813 0.308796 0.023958 0.019444
0 0.303906 0.302778 0.021354 0.018519
0 0.312500 0.287500 0.016667 0.021296
0 0.295573 0.323148 0.015104 0.020370
0 0.293490 0.339352 0.022396 0.023148
0 0.305469 0.356019 0.027604 0.028704
0 0.327083 0.306944 0.021875 0.026852
0 0.329688 0.317593 0.015625 0.025926
0 0.326562 0.337963 0.012500 0.022222
0 0.329167 0.355093 0.018750 0.036111
0 0.354687 0.283796 0.019792 0.026852
0 0.353125 0.295370 0.019792 0.035185
0 0.347396 0.312037 0.014583 0.025926
0 0.338802 0.307407 0.016146 0.018519
0 0.344271 0.340278 0.028125 0.025000
0 0.352604 0.345833 0.027083 0.023148
0 0.352865 0.367593 0.028646 0.027778
0 0.380208 0.319444 0.019792 0.031481
0 0.379427 0.294907 0.019271 0.023148
0 0.387240 0.338889 0.018229 0.033333
0 0.363802 0.243981 0.014063 0.013889
0 0.372656 0.222685 0.016146 0.015741
0 0.381250 0.216204 0.012500 0.021296
0 0.375521 0.238889 0.012500 0.014815
0 0.388542 0.200926 0.012500 0.014815
0 0.393229 0.186574 0.013542 0.015741
0 0.397917 0.195833 0.015625 0.013889
0 0.406510 0.187037 0.013021 0.012963
0 0.414583 0.182407 0.012500 0.018519
0 0.392188 0.227315 0.009375 0.017593
0 0.389323 0.253241 0.018229 0.015741
0 0.387760 0.291204 0.015104 0.015741
0 0.399479 0.285648 0.012500 0.021296
0 0.406771 0.280093 0.016667 0.028704
0 0.409375 0.259722 0.013542 0.021296
0 0.423958 0.257870 0.026042 0.049074
0 0.411458 0.207407 0.011458 0.014815
0 0.417187 0.197222 0.014583 0.018519
0 0.428646 0.192130 0.011458 0.021296
0 0.430729 0.177778 0.009375 0.012963
0 0.434896 0.185185 0.012500 0.014815
0 0.444792 0.184722 0.011458 0.010185
0 0.447396 0.191667 0.010417 0.014815
0 0.438021 0.204630 0.011458 0.018519
0 0.460677 0.185185 0.010937 0.014815
0 0.460417 0.195370 0.010417 0.014815
0 0.452344 0.203241 0.014063 0.019444
0 0.450521 0.216667 0.014583 0.014815
0 0.441146 0.232407 0.014583 0.014815
0 0.467187 0.208333 0.014583 0.016667
0 0.462500 0.221759 0.011458 0.017593
0 0.469010 0.231481 0.021354 0.020370
0 0.460156 0.250000 0.017188 0.014815
0 0.472396 0.247685 0.019792 0.019444
0 0.446354 0.274074 0.014583 0.016667
0 0.442188 0.279630 0.018750 0.016667
0 0.424740 0.307407 0.022396 0.055556
0 0.440625 0.314815 0.017708 0.040741
0 0.436198 0.336111 0.019271 0.033333
0 0.452865 0.298148 0.016146 0.027778
0 0.458333 0.279167 0.009375 0.021296
0 0.470052 0.283333 0.024479 0.027778
0 0.483854 0.200926 0.011458 0.020370
0 0.478646 0.215741 0.018750 0.018519
0 0.489323 0.199074 0.009896 0.012963
0 0.498437 0.201852 0.008333 0.012963
0 0.504687 0.201852 0.009375 0.016667
0 0.511979 0.209259 0.011458 0.014815
0 0.499219 0.217130 0.013021 0.013889
0 0.492969 0.226852 0.015104 0.016667
0 0.487240 0.236574 0.017188 0.017593
0 0.506250 0.237500 0.014583 0.017593
0 0.517708 0.219444 0.012500 0.022222
0 0.525260 0.223611 0.013021 0.015741
0 0.534115 0.219444 0.013021 0.022222
0 0.530990 0.227315 0.017188 0.015741
0 0.527083 0.238426 0.016667 0.015741
0 0.555990 0.230093 0.016146 0.019444
0 0.547917 0.248611 0.021875 0.023148
0 0.531250 0.256019 0.015625 0.015741
0 0.567187 0.227778 0.014583 0.018519
0 0.577083 0.243519 0.014583 0.014815
0 0.567708 0.248148 0.014583 0.022222
0 0.548177 0.277315 0.016146 0.017593
0 0.526042 0.272222 0.018750 0.020370
0 0.537240 0.289815 0.019271 0.018519
0 0.502865 0.287037 0.014063 0.014815
0 0.510677 0.293056 0.015104 0.017593
0 0.537240 0.300463 0.021354 0.015741
0 0.521354 0.300926 0.015625 0.020370
0 0.538542 0.320370 0.018750 0.024074
0 0.521875 0.316204 0.020833 0.017593
0 0.476302 0.299074 0.021354 0.020370
0 0.498698 0.306481 0.027604 0.018519
0 0.496354 0.324537 0.018750 0.036111
0 0.486198 0.338426 0.024479 0.028704
0 0.475260 0.315741 0.028646 0.024074
0 0.469792 0.343981 0.018750 0.047222
0 0.458594 0.345833 0.016146 0.030556
0 0.455729 0.373148 0.027083 0.025926
0 0.476302 0.405093 0.024479 0.036111
0 0.475521 0.445833 0.023958 0.026852
0 0.506250 0.384722 0.032292 0.025000
0 0.499479 0.437037 0.025000 0.024074
0 0.530729 0.371759 0.027083 0.028704
0 0.554167 0.367593 0.015625 0.033333
0 0.532031 0.395833 0.023438 0.028704
0 0.573177 0.290278 0.019271 0.017593
0 0.567969 0.300463 0.017188 0.015741
0 0.563542 0.314352 0.017708 0.021296
0 0.576562 0.312500 0.021875 0.021296
0 0.594792 0.293519 0.021875 0.022222
0 0.590885 0.306944 0.019271 0.019444
0 0.570833 0.328704 0.016667 0.016667
0 0.619010 0.287963 0.016146 0.020370
0 0.607292 0.305556 0.013542 0.014815
0 0.615365 0.304630 0.008854 0.016667
0 0.626042 0.308333 0.013542 0.020370
0 0.630729 0.300463 0.018750 0.025000
0 0.654687 0.291204 0.013542 0.017593
0 0.644271 0.289352 0.007292 0.013889
0 0.657292 0.303241 0.016667 0.019444
0 0.671354 0.307407 0.013542 0.027778
0 0.683854 0.293056 0.010417 0.019444
0 0.684115 0.326389 0.024479 0.052778
0 0.697917 0.297685 0.015625 0.025000
0 0.695052 0.318056 0.025521 0.028704
0 0.713021 0.304167 0.016667 0.019444
0 0.728385 0.307870 0.017188 0.025000
0 0.738281 0.322222 0.021354 0.020370
0 0.752083 0.315741 0.021875 0.027778
0 0.711979 0.373148 0.030208 0.061111
0 0.626563 0.388426 0.020833 0.023148
0 0.614323 0.387037 0.020313 0.022222
0 0.603385 0.398611 0.023438 0.032407
0 0.582552 0.401852 0.023438 0.022222
0 0.569010 0.414815 0.024479 0.033333
0 0.559375 0.433796 0.032292 0.041667
0 0.529167 0.456944 0.036458 0.025000
0 0.537240 0.475000 0.022396 0.024074
0 0.542969 0.489815 0.040104 0.027778
0 0.509115 0.464815 0.025521 0.035185
0 0.489063 0.477315 0.023958 0.032407
0 0.500000 0.493519 0.019792 0.022222
0 0.508333 0.506481 0.020833 0.022222
0 0.494010 0.525000 0.041146 0.029630
0 0.505469 0.544444 0.024479 0.050000
0 0.455729 0.495833 0.030208 0.069444
0 0.443490 0.493056 0.018229 0.028704
0 0.419792 0.466667 0.038542 0.035185
0 0.377604 0.444444 0.022917 0.035185
0 0.393229 0.450463 0.015625 0.047222
0 0.376042 0.532407 0.028125 0.022222
0 0.385677 0.542593 0.039062 0.031481
0 0.400521 0.521296 0.032292 0.035185
0 0.402083 0.493519 0.023958 0.029630
0 0.415365 0.531481 0.025521 0.033333
0 0.435677 0.546296 0.046354 0.035185
0 0.428385 0.502778 0.021354 0.025926
0 0.447917 0.523148 0.037500 0.027778
0 0.327604 0.567130 0.039583 0.047222
0 0.017708 0.577315 0.034375 0.056481
0 0.052083 0.579630 0.059375 0.031481
0 0.091146 0.591667 0.055208 0.048148
0 0.063281 0.618519 0.055729 0.040741
0 0.012500 0.656019 0.023958 0.041667
0 0.106250 0.622222 0.022917 0.048148
0 0.097396 0.656944 0.063542 0.045370
0 0.146354 0.591667 0.039583 0.075926
0 0.042708 0.728704 0.052083 0.046296
0 0.080990 0.739352 0.051562 0.047222
0 0.079948 0.785185 0.064062 0.046296
0 0.051562 0.808333 0.061458 0.051852
0 0.010156 0.750926 0.019271 0.031481
0 0.053906 0.857407 0.054688 0.055556
0 0.104167 0.832870 0.061458 0.028704
0 0.133073 0.798148 0.061979 0.046296
0 0.450521 0.629630 0.045833 0.053704
0 0.423177 0.695833 0.046354 0.047222
0 0.463281 0.699074 0.049479 0.048148
0 0.499479 0.700926 0.052083 0.053704
0 0.519792 0.609259 0.046875 0.050000
0 0.527083 0.560185 0.031250 0.038889
0 0.526563 0.527778 0.027083 0.027778
0 0.540365 0.519444 0.018229 0.033333
0 0.577865 0.495370 0.024479 0.027778
0 0.602344 0.512037 0.024479 0.050000
0 0.547396 0.546759 0.040625 0.028704
0 0.549479 0.571759 0.025000 0.047222
0 0.571875 0.535185 0.019792 0.027778
0 0.567187 0.554167 0.023958 0.030556
0 0.577344 0.579630 0.039062 0.044444
0 0.562240 0.639815 0.045312 0.046296
0 0.607552 0.551389 0.025521 0.036111
0 0.625781 0.548611 0.020313 0.030556
0 0.634896 0.571296 0.025000 0.037037
0 0.613802 0.573148 0.028646 0.031481
0 0.620313 0.592130 0.048958 0.037963
0 0.619010 0.618519 0.049479 0.042593
0 0.622656 0.662500 0.027604 0.045370
0 0.663542 0.618981 0.031250 0.045370
0 0.680729 0.636574 0.029167 0.034259
0 0.706510 0.631944 0.043229 0.047222
0 0.669271 0.667593 0.030208 0.044444
0 0.678125 0.686111 0.051042 0.057407
0 0.711198 0.663426 0.024479 0.050926
0 0.731510 0.675463 0.049479 0.063889
0 0.751302 0.643981 0.041146 0.045370
0 0.764583 0.684259 0.054167 0.044444
0 0.536458 0.742593 0.054167 0.064815
0 0.569271 0.716204 0.063542 0.050926
0 0.615885 0.730556 0.035937 0.072222
0 0.644792 0.786111 0.045833 0.048148
0 0.669531 0.754167 0.052604 0.063889
0 0.697396 0.804167 0.036458 0.069444
0 0.755208 0.755093 0.058333 0.073148
0 0.721875 0.880093 0.061458 0.067593
0 0.822656 0.787963 0.060937 0.046296
0 0.813281 0.879167 0.058854 0.067593
0 0.854427 0.873611 0.052604 0.060185
0 0.919792 0.931944 0.059375 0.052778
0 0.897396 0.177315 0.014583 0.028704
0 0.922396 0.184722 0.020833 0.026852
0 0.946615 0.198148 0.013021 0.022222
0 0.956771 0.192593 0.009375 0.016667
0 0.914844 0.336574 0.039062 0.087963
