0 0.029167 0.038426 0.014583 0.015741
0 0.029427 0.087037 0.017188 0.066667
0 0.054948 0.050463 0.024479 0.037963
0 0.094271 0.043519 0.025000 0.027778
0 0.111198 0.037500 0.021354 0.019444
0 0.082031 0.086574 0.023438 0.047222
0 0.048698 0.116667 0.020313 0.050000
0 0.042969 0.202315 0.031771 0.041667
0 0.069271 0.148611 0.038542 0.041667
0 0.007031 0.206481 0.013021 0.057407
0 0.111719 0.137500 0.019271 0.050926
0 0.103646 0.169444 0.016667 0.066667
0 0.128646 0.173611 0.017708 0.056481
0 0.082031 0.203704 0.032813 0.035185
0 0.118750 0.222222 0.017708 0.053704
0 0.077865 0.243981 0.036979 0.026852
0 0.010156 0.266667 0.018229 0.050000
0 0.012500 0.299537 0.017708 0.049074
0 0.035937 0.287500 0.028125 0.052778
0 0.062500 0.257870 0.025000 0.037963
0 0.078906 0.284722 0.032813 0.039815
0 0.094271 0.252315 0.023958 0.045370
0 0.132552 0.300000 0.021354 0.055556
0 0.030469 0.331481 0.017188 0.059259
0 0.006771 0.386111 0.012500 0.044444
0 0.042969 0.379167 0.021354 0.071296
0 0.070312 0.373611 0.018750 0.056481
0 0.075000 0.332870 0.027083 0.037963
0 0.097396 0.320833 0.022917 0.041667
0 0.094531 0.366667 0.016146 0.061111
0 0.127604 0.411111 0.021875 0.053704
0 0.037240 0.424537 0.021354 0.032407
0 0.014583 0.448148 0.015625 0.055556
0 0.028385 0.476852 0.019271 0.050000
0 0.009375 0.511111 0.017708 0.048148
0 0.043229 0.475926 0.017708 0.059259
0 0.071615 0.427778 0.023438 0.051852
0 0.086458 0.480556 0.019792 0.055556
0 0.109635 0.464815 0.021354 0.064815
0 0.020052 0.560648 0.030729 0.034259
0 0.039062 0.518519 0.028125 0.029630
0 0.046615 0.586574 0.030729 0.037963
0 0.100781 0.536111 0.028646 0.040741
0 0.077604 0.567593 0.026042 0.061111
0 0.125521 0.550000 0.012500 0.057407
0 0.071354 0.609259 0.028125 0.040741
0 0.029167 0.614352 0.017708 0.045370
0 0.013021 0.655093 0.025000 0.039815
0 0.011458 0.784722 0.021875 0.050926
0 0.033333 0.728704 0.019792 0.055556
0 0.046875 0.678241 0.018750 0.043519
0 0.082812 0.667130 0.021875 0.054630
0 0.090365 0.621759 0.021354 0.056481
0 0.054167 0.746759 0.016667 0.052778
0 0.050521 0.794444 0.023958 0.057407
0 0.034635 0.836574 0.035937 0.043519
0 0.080469 0.759259 0.020313 0.059259
0 0.072917 0.801852 0.022917 0.048148
0 0.084375 0.832407 0.021875 0.038889
0 0.109896 0.831944 0.026042 0.037963
0 0.094531 0.786574 0.026562 0.034259
0 0.122656 0.763889 0.017188 0.051852
0 0.096615 0.734259 0.023438 0.048148
0 0.103125 0.684722 0.023958 0.050926
0 0.115885 0.636111 0.017188 0.053704
0 0.127344 0.603241 0.025521 0.037963
0 0.147917 0.568981 0.025000 0.037963
0 0.170052 0.538889 0.018229 0.048148
0 0.203385 0.537963 0.023438 0.050000
0 0.178385 0.585185 0.018229 0.055556
0 0.219792 0.562500 0.018750 0.047222
0 0.230469 0.530093 0.020313 0.056481
0 0.116406 0.932407 0.017188 0.050000
0 0.164844 0.903241 0.015104 0.041667
0 0.177865 0.937037 0.014063 0.050000
0 0.136458 0.799537 0.020833 0.034259
0 0.154688 0.826389 0.022917 0.050926
0 0.227344 0.864815 0.017188 0.042593
0 0.211198 0.837963 0.031771 0.025926
0 0.193750 0.806481 0.014583 0.050000
0 0.160417 0.779630 0.031250 0.031481
0 0.209635 0.795833 0.015104 0.045370
0 0.221875 0.757870 0.020833 0.049074
0 0.183594 0.761574 0.029687 0.026852
0 0.184115 0.736111 0.026562 0.031481
0 0.141146 0.739815 0.022917 0.038889
0 0.200781 0.745833 0.022396 0.036111
0 0.164844 0.706944 0.017188 0.041667
0 0.145573 0.691204 0.016146 0.049074
0 0.210156 0.644444 0.023438 0.053704
0 0.179948 0.634722 0.017188 0.041667
0 0.208854 0.700926 0.029167 0.037037
0 0.232292 0.686111 0.016667 0.051852
0 0.226562 0.600926 0.020833 0.046296
0 0.199479 0.586111 0.018750 0.055556
0 0.164583 0.606481 0.020833 0.055556
0 0.135156 0.632407 0.023438 0.046296
0 0.156510 0.659259 0.034896 0.042593
0 0.120833 0.694907 0.020833 0.039815
0 0.150000 0.500463 0.014583 0.049074
0 0.191667 0.501852 0.029167 0.035185
0 0.171615 0.474074 0.024479 0.042593
0 0.165104 0.429630 0.029167 0.037037
0 0.197656 0.444444 0.022396 0.055556
0 0.226302 0.412963 0.020313 0.055556
0 0.194271 0.411111 0.016667 0.066667
0 0.154948 0.275463 0.016146 0.054630
0 0.181510 0.253241 0.024479 0.062037
0 0.183854 0.290278 0.017708 0.050926
0 0.157812 0.334722 0.020833 0.056481
0 0.183594 0.378704 0.020313 0.061111
0 0.206510 0.340278 0.025521 0.047222
0 0.208594 0.379630 0.018229 0.057407
0 0.228906 0.370833 0.023438 0.054630
0 0.173437 0.062500 0.032292 0.037963
0 0.270052 0.048148 0.021354 0.037037
0 0.309635 0.107870 0.025521 0.030556
0 0.285417 0.133333 0.021875 0.044444
0 0.309115 0.150463 0.015104 0.054630
0 0.294271 0.177778 0.020833 0.050000
0 0.275260 0.195833 0.018229 0.067593
0 0.293229 0.214352 0.018750 0.050926
0 0.316667 0.234722 0.023958 0.032407
0 0.306510 0.281019 0.024479 0.043519
0 0.241667 0.321296 0.022917 0.042593
0 0.260417 0.360185 0.015625 0.048148
0 0.299219 0.334722 0.023438 0.052778
0 0.335677 0.353704 0.020313 0.035185
0 0.286198 0.388426 0.020313 0.049074
0 0.279167 0.435648 0.015625 0.052778
0 0.259896 0.479630 0.016667 0.059259
0 0.285938 0.478704 0.018750 0.050000
0 0.304427 0.445833 0.020313 0.049074
0 0.355990 0.408796 0.019271 0.054630
0 0.330729 0.464352 0.032292 0.041667
0 0.290104 0.529630 0.020833 0.053704
0 0.320052 0.501852 0.020313 0.066667
0 0.351042 0.528704 0.015625 0.050000
0 0.310677 0.562500 0.030729 0.043519
0 0.337500 0.586111 0.032292 0.027778
0 0.273177 0.618981 0.027604 0.036111
0 0.250521 0.611111 0.020833 0.051852
0 0.346094 0.643519 0.027604 0.038889
0 0.317448 0.597685 0.017188 0.054630
0 0.313542 0.661574 0.029167 0.034259
0 0.280208 0.664815 0.031250 0.048148
0 0.241146 0.743056 0.018750 0.041667
0 0.259375 0.721759 0.021875 0.050926
0 0.285417 0.706481 0.015625 0.040741
0 0.311719 0.716667 0.021354 0.044444
0 0.336198 0.724537 0.027604 0.050926
0 0.271875 0.743056 0.031250 0.039815
0 0.299479 0.757407 0.019792 0.046296
0 0.290365 0.782870 0.033854 0.041667
0 0.255729 0.795370 0.028125 0.038889
0 0.274479 0.834722 0.016667 0.050926
0 0.478906 0.177315 0.031771 0.047222
0 0.364844 0.342130 0.021354 0.056481
0 0.387500 0.371296 0.020833 0.042593
0 0.409896 0.400000 0.022917 0.057407
0 0.380469 0.428241 0.018229 0.043519
0 0.465104 0.402315 0.013542 0.052778
0 0.426563 0.453241 0.015625 0.049074
0 0.388021 0.475000 0.017708 0.051852
0 0.360938 0.496296 0.027083 0.029630
0 0.455208 0.462037 0.031250 0.035185
0 0.446875 0.506019 0.037500 0.036111
0 0.421094 0.505556 0.015104 0.042593
0 0.402604 0.529167 0.021875 0.049074
0 0.374740 0.559259 0.024479 0.037037
0 0.454948 0.542130 0.026562 0.032407
0 0.383333 0.585648 0.023958 0.036111
0 0.430208 0.543519 0.018750 0.040741
0 0.418229 0.628704 0.014583 0.046296
0 0.446354 0.624074 0.019792 0.038889
0 0.470833 0.612963 0.017708 0.046296
0 0.369531 0.727778 0.020313 0.046296
0 0.406771 0.692130 0.013542 0.036111
0 0.420833 0.674074 0.030208 0.027778
0 0.433854 0.664352 0.025000 0.037963
0 0.459896 0.667130 0.015625 0.062037
0 0.466927 0.731019 0.023438 0.039815
0 0.480729 0.474537 0.028125 0.045370
0 0.508854 0.414815 0.018750 0.055556
0 0.532552 0.398611 0.023438 0.041667
0 0.558333 0.399074 0.035417 0.029630
0 0.593229 0.412500 0.020833 0.050926
0 0.537500 0.435185 0.021875 0.046296
0 0.561198 0.431944 0.022396 0.047222
0 0.580729 0.462037 0.016667 0.059259
0 0.500000 0.537963 0.014583 0.046296
0 0.527865 0.509722 0.029687 0.034259
0 0.545052 0.474074 0.033854 0.031481
0 0.563021 0.495370 0.019792 0.050000
0 0.485156 0.580556 0.015104 0.044444
0 0.510938 0.607407 0.021875 0.040741
0 0.540625 0.563426 0.023958 0.037963
0 0.558594 0.543056 0.018229 0.056481
0 0.589063 0.540741 0.017708 0.062963
0 0.537240 0.606481 0.016146 0.042593
0 0.526823 0.643056 0.025521 0.036111
0 0.586198 0.600926 0.027604 0.038889
0 0.568750 0.649537 0.015625 0.058333
0 0.590625 0.677778 0.017708 0.061111
0 0.548177 0.696296 0.017188 0.059259
0 0.518229 0.683796 0.018750 0.056481
0 0.513021 0.724537 0.017708 0.047222
0 0.536979 0.728241 0.020833 0.043519
0 0.572396 0.730093 0.018750 0.052778
0 0.509635 0.788889 0.014063 0.048148
0 0.617708 0.395370 0.013542 0.051852
0 0.638281 0.407870 0.015104 0.056481
0 0.656771 0.380093 0.016667 0.069444
0 0.689844 0.377315 0.019271 0.047222
0 0.716927 0.395833 0.019271 0.056481
0 0.627865 0.478704 0.023438 0.072222
0 0.608073 0.519907 0.018229 0.062037
0 0.658854 0.446759 0.018750 0.052778
0 0.665885 0.415278 0.014063 0.049074
0 0.691146 0.426389 0.020833 0.058333
0 0.658073 0.498148 0.015104 0.053704
0 0.696094 0.477315 0.026562 0.032407
0 0.684896 0.522222 0.023958 0.046296
0 0.629427 0.532407 0.018229 0.070370
0 0.635156 0.568981 0.020313 0.056481
0 0.628385 0.621759 0.026562 0.054630
0 0.609896 0.572685 0.029167 0.047222
0 0.668229 0.580556 0.033333 0.042593
0 0.708854 0.555556 0.028125 0.037037
0 0.691927 0.598611 0.018229 0.054630
0 0.641406 0.687500 0.024479 0.050926
0 0.659896 0.626852 0.018750 0.050000
0 0.684375 0.648611 0.018750 0.050926
0 0.698958 0.625926 0.031250 0.040741
0 0.664844 0.679167 0.024479 0.043519
0 0.657813 0.717593 0.020833 0.042593
0 0.728646 0.447685 0.017708 0.058333
0 0.725000 0.491667 0.017708 0.044444
0 0.745833 0.529630 0.025000 0.033333
0 0.760417 0.518981 0.027083 0.039815
0 0.758594 0.464352 0.019271 0.052778
0 0.783073 0.406944 0.014063 0.041667
0 0.797135 0.533333 0.021354 0.046296
0 0.808854 0.429630 0.017708 0.053704
0 0.825521 0.396759 0.020833 0.039815
0 0.814844 0.488889 0.024479 0.050000
0 0.850781 0.428241 0.020313 0.054630
0 0.847135 0.477778 0.022396 0.057407
0 0.873958 0.396296 0.030208 0.037037
0 0.872917 0.434722 0.018750 0.050926
0 0.872656 0.486574 0.029687 0.039815
0 0.904167 0.406481 0.017708 0.044444
0 0.907031 0.448148 0.025521 0.042593
0 0.897917 0.463889 0.020833 0.048148
0 0.935937 0.427778 0.016667 0.061111
0 0.896354 0.618519 0.019792 0.048148
0 0.905469 0.568519 0.025521 0.044444
0 0.923177 0.493056 0.019271 0.049074
0 0.944792 0.483796 0.022917 0.062037
0 0.957552 0.459259 0.024479 0.029630
0 0.992708 0.387037 0.014583 0.051852
0 0.992448 0.467593 0.015104 0.055556
0 0.985417 0.494907 0.029167 0.043519
0 0.963542 0.521296 0.025000 0.038889
0 0.952604 0.528241 0.022917 0.039815
0 0.925781 0.544907 0.017188 0.034259
0 0.928906 0.574074 0.028646 0.035185
0 0.933594 0.634259 0.017188 0.059259
0 0.933073 0.705093 0.024479 0.039815
0 0.958854 0.659722 0.019792 0.060185
0 0.963281 0.714815 0.020313 0.050000
0 0.992708 0.642593 0.014583 0.035185
0 0.989323 0.686111 0.021354 0.057407
