0 0.007552 0.267130 0.014063 0.030556
0 0.009896 0.314352 0.012500 0.025000
0 0.095052 0.221296 0.014063 0.027778
0 0.086979 0.245370 0.014583 0.033333
0 0.102344 0.247685 0.007812 0.037963
0 0.083854 0.279167 0.010417 0.036111
0 0.099740 0.286574 0.011979 0.034259
0 0.086979 0.306481 0.014583 0.027778
0 0.077083 0.318519 0.011458 0.031481
0 0.086719 0.334259 0.015104 0.033333
0 0.076042 0.360185 0.010417 0.035185
0 0.088542 0.372685 0.017708 0.026852
0 0.003385 0.369907 0.005729 0.034259
0 0.003385 0.406944 0.005729 0.041667
0 0.021354 0.445833 0.016667 0.032407
0 0.091927 0.403241 0.016146 0.026852
0 0.093490 0.576852 0.016146 0.042593
0 0.064844 0.612963 0.011979 0.037037
0 0.077083 0.607407 0.013542 0.031481
0 0.090625 0.603704 0.012500 0.037037
0 0.073958 0.633333 0.015625 0.029630
0 0.092448 0.628704 0.020313 0.024074
0 0.083854 0.656019 0.011458 0.036111
0 0.113542 0.271296 0.012500 0.040741
0 0.138542 0.199537 0.015625 0.036111
0 0.158594 0.191204 0.014063 0.034259
0 0.166927 0.218519 0.015104 0.033333
0 0.149740 0.231019 0.015104 0.045370
0 0.129427 0.262500 0.014063 0.032407
0 0.142708 0.255556 0.017708 0.020370
0 0.169531 0.258333 0.013021 0.038889
0 0.153906 0.282407 0.015104 0.044444
0 0.127604 0.289352 0.013542 0.030556
0 0.184635 0.273148 0.021354 0.022222
0 0.172135 0.287500 0.020313 0.019444
0 0.102344 0.338426 0.015104 0.032407
0 0.132552 0.334722 0.014063 0.036111
0 0.119010 0.357407 0.013021 0.031481
0 0.103646 0.372685 0.013542 0.021296
0 0.106771 0.400926 0.013542 0.037037
0 0.123698 0.397685 0.016146 0.026852
0 0.136979 0.378241 0.011458 0.030556
0 0.149740 0.323148 0.019271 0.018519
0 0.146875 0.353241 0.015625 0.034259
0 0.149740 0.399537 0.010937 0.034259
0 0.155729 0.384259 0.012500 0.035185
0 0.168750 0.364352 0.011458 0.034259
0 0.169271 0.399074 0.016667 0.025926
0 0.176563 0.426389 0.011458 0.032407
0 0.113542 0.490741 0.016667 0.018519
0 0.120052 0.539352 0.015104 0.036111
0 0.116146 0.581944 0.013542 0.032407
0 0.137500 0.527315 0.011458 0.028704
0 0.132812 0.552778 0.011458 0.031481
0 0.134375 0.589815 0.014583 0.033333
0 0.177604 0.456019 0.013542 0.021296
0 0.164583 0.479630 0.016667 0.020370
0 0.178385 0.484259 0.014063 0.037037
0 0.166406 0.507407 0.013021 0.040741
0 0.159115 0.536111 0.010937 0.038889
0 0.175521 0.561574 0.021875 0.028704
0 0.153385 0.579167 0.014063 0.034259
0 0.169010 0.605093 0.013021 0.034259
0 0.106771 0.640278 0.012500 0.032407
0 0.125781 0.653704 0.011979 0.025926
0 0.145833 0.668519 0.013542 0.025926
0 0.165365 0.657870 0.009896 0.030556
0 0.162500 0.685185 0.009375 0.037037
0 0.177083 0.670833 0.017708 0.023148
0 0.182292 0.691204 0.011458 0.034259
0 0.224219 0.079167 0.014063 0.019444
0 0.225521 0.119444 0.016667 0.031481
0 0.253125 0.078241 0.012500 0.036111
0 0.243490 0.132407 0.009896 0.035185
0 0.257292 0.128704 0.017708 0.024074
0 0.271094 0.096296 0.008854 0.031481
0 0.216667 0.173148 0.008333 0.031481
0 0.202865 0.200926 0.009896 0.029630
0 0.220833 0.215741 0.012500 0.029630
0 0.204948 0.240278 0.013021 0.039815
0 0.235677 0.187963 0.010937 0.037037
0 0.259375 0.157407 0.018750 0.025926
0 0.251042 0.185185 0.017708 0.020370
0 0.256510 0.203241 0.010937 0.037963
0 0.268229 0.189815 0.015625 0.022222
0 0.246094 0.206944 0.017188 0.019444
0 0.237760 0.236111 0.016146 0.029630
0 0.216406 0.260185 0.009896 0.037037
0 0.229948 0.278241 0.021354 0.019444
0 0.255729 0.268981 0.011458 0.034259
0 0.190885 0.317593 0.014063 0.038889
0 0.214062 0.311111 0.015625 0.025926
0 0.239844 0.312963 0.018229 0.018519
0 0.266667 0.291204 0.012500 0.034259
0 0.261719 0.322222 0.009896 0.038889
0 0.238802 0.335648 0.018229 0.019444
0 0.226562 0.343981 0.012500 0.028704
0 0.193750 0.353704 0.011458 0.038889
0 0.195052 0.371296 0.013021 0.033333
0 0.211719 0.366667 0.015104 0.033333
0 0.238281 0.367593 0.018229 0.025926
0 0.247396 0.348611 0.016667 0.030556
0 0.250260 0.388426 0.016146 0.028704
0 0.271615 0.377315 0.011979 0.032407
0 0.203385 0.396759 0.009896 0.039815
0 0.191146 0.428241 0.010417 0.030556
0 0.234115 0.393519 0.017188 0.020370
0 0.213281 0.425000 0.010937 0.042593
0 0.233073 0.423148 0.010937 0.046296
0 0.247917 0.414815 0.010417 0.035185
0 0.209375 0.452315 0.016667 0.023148
0 0.193490 0.470370 0.008854 0.038889
0 0.202344 0.486574 0.013021 0.030556
0 0.187500 0.509722 0.011458 0.030556
0 0.205729 0.513426 0.016667 0.023148
0 0.196094 0.543056 0.021354 0.025000
0 0.201563 0.578704 0.010417 0.038889
0 0.190365 0.601852 0.021354 0.020370
0 0.210156 0.616204 0.013021 0.026852
0 0.203385 0.646759 0.014063 0.036111
0 0.235677 0.456481 0.013021 0.027778
0 0.214062 0.487037 0.011458 0.038889
0 0.270833 0.447685 0.013542 0.030556
0 0.261198 0.484722 0.014063 0.036111
0 0.244531 0.489352 0.017188 0.030556
0 0.250000 0.522222 0.019792 0.025926
0 0.269271 0.535185 0.011458 0.040741
0 0.231250 0.544444 0.013542 0.033333
0 0.212240 0.558796 0.017188 0.025000
0 0.227344 0.569907 0.016146 0.023148
0 0.239844 0.577778 0.014063 0.035185
0 0.238021 0.612963 0.012500 0.037037
0 0.250000 0.616204 0.013542 0.030556
0 0.268750 0.564352 0.017708 0.019444
0 0.263021 0.586111 0.011458 0.031481
0 0.264583 0.625000 0.014583 0.031481
0 0.247917 0.651389 0.015625 0.037963
0 0.215365 0.663426 0.010937 0.032407
0 0.204427 0.715278 0.020313 0.017593
0 0.192969 0.682407 0.019271 0.027778
0 0.213281 0.690278 0.011979 0.034259
0 0.229427 0.696296 0.013021 0.035185
0 0.234375 0.666204 0.013542 0.037963
0 0.245833 0.684259 0.019792 0.025926
0 0.262240 0.668981 0.010937 0.037963
0 0.237240 0.714352 0.017188 0.028704
0 0.255208 0.716667 0.021875 0.037037
0 0.257031 0.781944 0.011979 0.041667
0 0.269531 0.694444 0.011979 0.033333
0 0.284896 0.069444 0.010417 0.033333
0 0.286458 0.093056 0.009375 0.037963
0 0.277865 0.115278 0.020313 0.026852
0 0.283073 0.158333 0.019271 0.016667
0 0.300260 0.071759 0.017188 0.036111
0 0.317708 0.064352 0.014583 0.032407
0 0.334635 0.060185 0.017188 0.027778
0 0.353646 0.059259 0.011458 0.040741
0 0.344271 0.078704 0.011458 0.035185
0 0.324740 0.083333 0.011979 0.033333
0 0.325260 0.108333 0.014063 0.033333
0 0.294010 0.133333 0.015104 0.050000
0 0.313542 0.150463 0.020833 0.030556
0 0.345833 0.111574 0.013542 0.032407
0 0.335417 0.153241 0.014583 0.036111
0 0.354427 0.145370 0.013021 0.029630
0 0.328906 0.174537 0.018229 0.028704
0 0.350521 0.177315 0.014583 0.037963
0 0.332292 0.204167 0.012500 0.037963
0 0.360677 0.305093 0.011979 0.047222
0 0.300781 0.339815 0.013021 0.035185
0 0.285938 0.357407 0.010417 0.037037
0 0.289844 0.398148 0.014063 0.040741
0 0.307031 0.371759 0.011979 0.041667
0 0.321615 0.401389 0.019271 0.034259
0 0.341667 0.387963 0.015625 0.027778
0 0.355208 0.417593 0.011458 0.040741
0 0.335677 0.421296 0.017188 0.035185
0 0.322656 0.431019 0.013021 0.045370
0 0.305990 0.424537 0.014063 0.043519
0 0.283333 0.469444 0.012500 0.037037
0 0.297396 0.458333 0.017708 0.033333
0 0.319010 0.468056 0.015104 0.034259
0 0.299219 0.485185 0.017188 0.029630
0 0.286719 0.504630 0.011979 0.040741
0 0.338802 0.517593 0.011979 0.040741
0 0.357031 0.487963 0.011979 0.040741
0 0.316146 0.502315 0.021875 0.025000
0 0.285417 0.545833 0.018750 0.026852
0 0.300000 0.526852 0.013542 0.033333
0 0.321615 0.526389 0.015104 0.034259
0 0.318750 0.557407 0.015625 0.042593
0 0.337240 0.561574 0.017188 0.036111
0 0.334375 0.539352 0.009375 0.030556
0 0.306250 0.555556 0.014583 0.037037
0 0.294010 0.569444 0.014063 0.033333
0 0.276562 0.585648 0.013542 0.032407
0 0.290625 0.599537 0.020833 0.032407
0 0.280469 0.622222 0.010937 0.033333
0 0.274479 0.655556 0.015625 0.027778
0 0.293229 0.636111 0.012500 0.040741
0 0.309115 0.587037 0.014063 0.038889
0 0.323958 0.589815 0.019792 0.040741
0 0.338021 0.610648 0.013542 0.032407
0 0.322917 0.625000 0.021875 0.025926
0 0.312240 0.650463 0.024479 0.028704
0 0.304167 0.666667 0.020833 0.022222
0 0.285677 0.681944 0.022396 0.023148
0 0.282813 0.710185 0.013542 0.037037
0 0.309635 0.696296 0.011979 0.037037
0 0.321354 0.684259 0.020833 0.027778
0 0.328385 0.657870 0.015104 0.030556
0 0.343229 0.651852 0.011458 0.029630
0 0.354427 0.639815 0.011979 0.033333
0 0.349740 0.687963 0.020313 0.029630
0 0.290104 0.759722 0.011458 0.030556
0 0.296875 0.781481 0.011458 0.035185
0 0.324479 0.714352 0.018750 0.019444
0 0.332813 0.733796 0.015625 0.039815
0 0.363021 0.712037 0.011458 0.037037
0 0.370833 0.075463 0.013542 0.037963
0 0.361458 0.100000 0.013542 0.029630
0 0.371615 0.127778 0.015104 0.040741
0 0.368750 0.176389 0.014583 0.036111
0 0.366146 0.193519 0.017708 0.024074
0 0.360156 0.210648 0.017188 0.034259
0 0.382031 0.250926 0.020313 0.025926
0 0.368750 0.270370 0.018750 0.037037
0 0.385937 0.275463 0.018750 0.032407
0 0.373177 0.295370 0.019271 0.033333
0 0.372135 0.318981 0.015104 0.032407
0 0.386719 0.332870 0.019271 0.021296
0 0.380990 0.362500 0.018229 0.030556
0 0.379948 0.395370 0.015104 0.038889
0 0.401042 0.410648 0.013542 0.025000
0 0.418750 0.400463 0.016667 0.034259
0 0.373177 0.438889 0.018229 0.042593
0 0.369010 0.462963 0.014063 0.027778
0 0.384896 0.468981 0.017708 0.034259
0 0.373698 0.488426 0.015104 0.036111
0 0.400781 0.478241 0.023438 0.026852
0 0.414062 0.446759 0.013542 0.036111
0 0.433333 0.418056 0.013542 0.026852
0 0.429948 0.457870 0.014063 0.034259
0 0.419271 0.500463 0.015625 0.017593
0 0.433594 0.487963 0.013021 0.042593
0 0.377344 0.520833 0.017188 0.041667
0 0.364583 0.574537 0.018750 0.030556
0 0.368229 0.603704 0.017708 0.027778
0 0.389323 0.539352 0.023438 0.028704
0 0.403906 0.553241 0.023438 0.017593
0 0.412500 0.520370 0.011458 0.033333
0 0.393750 0.501389 0.015625 0.030556
0 0.425000 0.535648 0.015625 0.025000
0 0.430469 0.554167 0.020313 0.026852
0 0.389323 0.600000 0.019271 0.025926
0 0.409115 0.590278 0.018229 0.030556
0 0.372135 0.631944 0.011979 0.021296
0 0.364323 0.655556 0.020313 0.027778
0 0.372917 0.680556 0.019792 0.024074
0 0.379948 0.663889 0.013021 0.033333
0 0.386979 0.636574 0.015625 0.034259
0 0.401302 0.640741 0.021354 0.037037
0 0.420833 0.643981 0.014583 0.037963
0 0.446875 0.438889 0.013542 0.035185
0 0.458073 0.472685 0.013021 0.037963
0 0.454167 0.505093 0.010417 0.030556
0 0.459375 0.529167 0.015625 0.030556
0 0.452083 0.584722 0.013542 0.030556
0 0.460677 0.601389 0.015104 0.023148
0 0.453646 0.612037 0.014583 0.020370
0 0.445052 0.618981 0.010937 0.023148
0 0.482031 0.436574 0.010937 0.034259
0 0.473438 0.476852 0.018750 0.024074
0 0.469271 0.504630 0.020833 0.025926
0 0.475521 0.527315 0.018750 0.019444
0 0.469531 0.578704 0.016146 0.024074
0 0.477604 0.604630 0.010417 0.035185
0 0.481771 0.646759 0.018750 0.028704
0 0.493490 0.485648 0.017188 0.039815
0 0.509896 0.446296 0.013542 0.033333
0 0.521354 0.509722 0.016667 0.023148
0 0.502865 0.526389 0.013021 0.028704
0 0.494792 0.552315 0.009375 0.034259
0 0.485417 0.573148 0.011458 0.035185
0 0.509375 0.569444 0.014583 0.029630
0 0.519271 0.594907 0.014583 0.030556
0 0.515365 0.615741 0.011979 0.033333
0 0.511979 0.643056 0.010417 0.032407
0 0.525000 0.437500 0.014583 0.025000
0 0.540365 0.434259 0.017188 0.018519
0 0.541927 0.461111 0.013021 0.042593
0 0.526823 0.458796 0.017188 0.026852
0 0.532031 0.484722 0.022396 0.021296
0 0.542188 0.496759 0.012500 0.036111
0 0.540365 0.528704 0.014063 0.037037
0 0.528646 0.543056 0.017708 0.028704
0 0.526563 0.567593 0.012500 0.025926
0 0.519792 0.591204 0.015625 0.023148
0 0.533333 0.624074 0.009375 0.033333
0 0.561979 0.442130 0.011458 0.025000
0 0.578125 0.435185 0.009375 0.035185
0 0.591406 0.443056 0.011979 0.037963
0 0.602344 0.425000 0.010937 0.037037
0 0.555469 0.476389 0.013021 0.034259
0 0.583333 0.483333 0.011458 0.035185
0 0.571354 0.509259 0.012500 0.033333
0 0.559375 0.525926 0.012500 0.040741
0 0.557813 0.566667 0.019792 0.031481
0 0.571615 0.546759 0.019271 0.026852
0 0.585156 0.518056 0.015104 0.034259
0 0.602865 0.503241 0.011979 0.039815
0 0.588021 0.543981 0.014583 0.037963
0 0.582292 0.572222 0.018750 0.031481
0 0.546094 0.595370 0.011979 0.037037
0 0.560677 0.609722 0.010937 0.037963
0 0.547656 0.646759 0.010937 0.034259
0 0.526563 0.643056 0.015625 0.032407
0 0.509375 0.682870 0.010417 0.030556
0 0.591927 0.618056 0.015104 0.030556
0 0.600260 0.637500 0.013021 0.030556
0 0.622917 0.425000 0.012500 0.031481
0 0.624219 0.455556 0.016146 0.044444
0 0.608073 0.444907 0.013021 0.036111
0 0.626042 0.487037 0.020833 0.029630
0 0.617708 0.516667 0.014583 0.035185
0 0.632292 0.533333 0.018750 0.014815
0 0.606771 0.551852 0.017708 0.025926
0 0.624479 0.562037 0.015625 0.033333
0 0.603125 0.580093 0.010417 0.030556
0 0.627865 0.581019 0.017188 0.030556
0 0.619010 0.592593 0.015104 0.038889
0 0.606250 0.612500 0.015625 0.026852
0 0.639583 0.439352 0.010417 0.032407
0 0.646875 0.467593 0.012500 0.035185
0 0.645052 0.494907 0.011979 0.030556
0 0.655990 0.521296 0.019271 0.024074
0 0.664844 0.478704 0.013021 0.038889
0 0.682552 0.443056 0.009896 0.034259
0 0.665885 0.509259 0.019271 0.031481
0 0.691667 0.523148 0.013542 0.035185
0 0.702604 0.492130 0.014583 0.034259
0 0.697917 0.457870 0.011458 0.032407
0 0.709635 0.438426 0.011979 0.032407
0 0.726042 0.456481 0.013542 0.038889
0 0.721875 0.486111 0.012500 0.031481
0 0.741927 0.433333 0.017188 0.024074
0 0.738542 0.460648 0.011458 0.032407
0 0.736979 0.490278 0.016667 0.025000
0 0.761719 0.441204 0.013021 0.036111
0 0.764583 0.462500 0.016667 0.034259
0 0.754167 0.483796 0.013542 0.047222
0 0.770312 0.495370 0.012500 0.035185
0 0.756250 0.545370 0.014583 0.031481
0 0.751042 0.577778 0.013542 0.037037
0 0.808333 0.363889 0.015625 0.020370
0 0.782031 0.450926 0.009896 0.037037
0 0.830729 0.407870 0.015625 0.026852
0 0.820052 0.429630 0.011979 0.035185
0 0.837760 0.440741 0.010937 0.033333
0 0.848698 0.437963 0.009896 0.037037
0 0.793750 0.474537 0.016667 0.021296
0 0.784635 0.486111 0.014063 0.033333
0 0.786198 0.517593 0.015104 0.031481
0 0.794531 0.516204 0.015104 0.030556
0 0.815625 0.478704 0.012500 0.035185
0 0.811198 0.500463 0.017188 0.028704
0 0.830990 0.481019 0.014063 0.026852
0 0.823177 0.502778 0.017188 0.035185
0 0.856250 0.458796 0.012500 0.025000
0 0.857292 0.491667 0.011458 0.029630
0 0.842708 0.496759 0.013542 0.030556
0 0.857552 0.493519 0.010937 0.029630
0 0.856510 0.518056 0.010937 0.032407
0 0.842187 0.528241 0.014583 0.034259
0 0.823177 0.558333 0.011979 0.035185
0 0.772917 0.585648 0.010417 0.036111
0 0.774740 0.630093 0.014063 0.028704
0 0.789583 0.600000 0.012500 0.033333
0 0.792708 0.635648 0.015625 0.032407
0 0.814323 0.592130 0.016146 0.028704
0 0.806510 0.617593 0.017188 0.037037
0 0.819792 0.627778 0.019792 0.022222
0 0.832292 0.591667 0.020833 0.018519
0 0.839844 0.620370 0.011979 0.031481
0 0.827865 0.661574 0.011979 0.041667
0 0.847917 0.648148 0.010417 0.031481
0 0.836458 0.697222 0.013542 0.031481
0 0.882031 0.431944 0.016146 0.023148
0 0.870573 0.446296 0.017188 0.018519
0 0.890104 0.459722 0.014583 0.028704
0 0.867708 0.472685 0.012500 0.028704
0 0.878385 0.493056 0.016146 0.037963
0 0.867969 0.509722 0.014063 0.030556
0 0.861719 0.566667 0.014063 0.031481
0 0.859896 0.593056 0.015625 0.039815
0 0.862760 0.625926 0.016146 0.029630
0 0.864062 0.654167 0.013542 0.036111
0 0.876823 0.555093 0.011979 0.030556
0 0.877083 0.603704 0.018750 0.024074
0 0.886458 0.521296 0.011458 0.037037
0 0.914844 0.480556 0.011979 0.035185
0 0.902344 0.506481 0.010937 0.033333
0 0.919531 0.510185 0.009896 0.038889
0 0.933594 0.507407 0.011979 0.033333
0 0.901563 0.530556 0.012500 0.027778
0 0.892188 0.558796 0.015625 0.026852
0 0.904427 0.569444 0.011979 0.031481
0 0.937240 0.552778 0.008854 0.027778
0 0.900260 0.595833 0.013021 0.028704
0 0.919271 0.605556 0.014583 0.035185
0 0.883073 0.650463 0.011979 0.039815
0 0.859635 0.700463 0.008854 0.036111
0 0.867448 0.718519 0.016146 0.020370
0 0.877865 0.681481 0.015104 0.027778
0 0.891406 0.669907 0.017188 0.025000
0 0.907552 0.684259 0.016146 0.035185
0 0.889844 0.701852 0.016146 0.024074
0 0.907031 0.704167 0.011979 0.034259
0 0.894010 0.747222 0.014063 0.031481
0 0.917969 0.725463 0.014063 0.030556
0 0.925781 0.755093 0.019271 0.025000
0 0.885677 0.904630 0.014063 0.029630
0 0.897135 0.911574 0.015104 0.028704
0 0.898698 0.943056 0.011979 0.036111
0 0.910156 0.919907 0.014063 0.026852
0 0.915104 0.947685 0.014583 0.030556
0 0.930208 0.798611 0.017708 0.023148
0 0.932031 0.814352 0.009896 0.030556
0 0.920052 0.832870 0.021354 0.028704
0 0.918490 0.854167 0.011979 0.026852
0 0.929427 0.950926 0.015104 0.029630
0 0.921875 0.900000 0.013542 0.024074
0 0.958594 0.569444 0.016146 0.027778
0 0.946354 0.584722 0.010417 0.030556
0 0.962240 0.597685 0.011979 0.030556
0 0.976042 0.589352 0.013542 0.030556
0 0.949219 0.624537 0.017188 0.026852
0 0.977083 0.614815 0.012500 0.022222
0 0.967969 0.635648 0.011979 0.028704
0 0.935937 0.659722 0.015625 0.015741
0 0.941406 0.698611 0.010937 0.036111
0 0.936458 0.718056 0.013542 0.025000
0 0.979948 0.706481 0.014063 0.037037
0 0.971354 0.828241 0.014583 0.028704
0 0.957031 0.843519 0.018229 0.020370
0 0.961458 0.837037 0.015625 0.016667
0 0.948698 0.871296 0.010937 0.031481
0 0.940104 0.899537 0.015625 0.032407
0 0.951302 0.954630 0.018229 0.024074
0 0.968229 0.894444 0.017708 0.033333
0 0.959896 0.862963 0.012500 0.033333
0 0.960677 0.918981 0.013021 0.030556
0 0.979688 0.873148 0.020833 0.027778
0 0.985417 0.892593 0.015625 0.027778
0 0.983073 0.916204 0.018229 0.026852
0 0.985156 0.942130 0.017188 0.028704
0 0.994271 0.915741 0.011458 0.029630
