0 0.010156 0.131019 0.005729 0.012037
0 0.017188 0.130556 0.010417 0.009259
0 0.016927 0.137037 0.013021 0.007407
0 0.007552 0.143056 0.007812 0.013889
0 0.003125 0.168981 0.005208 0.017593
0 0.010937 0.171759 0.009375 0.008333
0 0.021615 0.148148 0.010937 0.007407
0 0.023177 0.152778 0.008854 0.007407
0 0.025521 0.123611 0.011458 0.012037
0 0.024740 0.131481 0.009896 0.009259
0 0.039844 0.123148 0.017188 0.009259
0 0.042188 0.129630 0.011458 0.009259
0 0.039583 0.135185 0.014583 0.011111
0 0.040625 0.144444 0.011458 0.012963
0 0.032813 0.170370 0.015625 0.012963
0 0.020573 0.173611 0.013021 0.015741
0 0.022396 0.185185 0.015625 0.014815
0 0.033854 0.160648 0.013542 0.015741
0 0.050260 0.145833 0.013021 0.013889
0 0.054948 0.119907 0.008854 0.012037
0 0.063542 0.128704 0.016667 0.014815
0 0.061719 0.138889 0.013021 0.014815
0 0.054688 0.168981 0.008333 0.012037
0 0.058854 0.176389 0.012500 0.013889
0 0.065625 0.189815 0.016667 0.016667
0 0.062760 0.157870 0.006771 0.010185
0 0.067448 0.166667 0.015104 0.012963
0 0.078906 0.130556 0.013021 0.012963
0 0.078646 0.160648 0.010417 0.006481
0 0.078125 0.168056 0.012500 0.012037
0 0.077604 0.181944 0.013542 0.017593
0 0.086719 0.153241 0.010937 0.012037
0 0.093229 0.161111 0.011458 0.012963
0 0.085417 0.168519 0.012500 0.018519
0 0.114583 0.115278 0.013542 0.017593
0 0.113542 0.156019 0.010417 0.015741
0 0.109115 0.167130 0.013021 0.013889
0 0.100260 0.170370 0.010937 0.020370
0 0.116927 0.188426 0.018229 0.023148
0 0.123177 0.175000 0.014063 0.012963
0 0.127344 0.156019 0.016146 0.021296
0 0.125521 0.170370 0.014583 0.014815
0 0.137240 0.138426 0.011979 0.015741
0 0.139583 0.155093 0.011458 0.013889
0 0.140885 0.164815 0.010937 0.012963
0 0.133073 0.173611 0.010937 0.015741
0 0.140365 0.174537 0.011979 0.015741
0 0.150781 0.137963 0.010937 0.011111
0 0.170833 0.120833 0.006250 0.013889
0 0.159375 0.131944 0.005208 0.008333
0 0.170052 0.132870 0.011979 0.010185
0 0.163542 0.141204 0.012500 0.010185
0 0.155208 0.151852 0.012500 0.014815
0 0.155990 0.162037 0.009896 0.009259
0 0.151562 0.171759 0.011458 0.013889
0 0.151302 0.193056 0.011979 0.012037
0 0.161198 0.193981 0.010937 0.012037
0 0.167708 0.190278 0.013542 0.010185
0 0.163281 0.179167 0.014063 0.012037
0 0.162500 0.164352 0.008333 0.012037
0 0.165104 0.170833 0.010417 0.010185
0 0.171875 0.165278 0.008333 0.012037
0 0.172396 0.146296 0.011458 0.014815
0 0.164583 0.155093 0.010417 0.013889
0 0.180469 0.156019 0.009896 0.015741
0 0.186198 0.147685 0.006771 0.015741
0 0.193490 0.141667 0.008854 0.012963
0 0.188281 0.124537 0.006771 0.013889
0 0.195052 0.151852 0.009896 0.011111
0 0.192969 0.165278 0.011979 0.012037
0 0.197656 0.159722 0.011979 0.010185
0 0.209115 0.147222 0.011979 0.012963
0 0.209896 0.155093 0.010417 0.010185
0 0.212240 0.160185 0.011979 0.014815
0 0.217448 0.146296 0.007812 0.014815
0 0.226042 0.153704 0.009375 0.012963
0 0.233594 0.153241 0.010937 0.013889
0 0.240885 0.151389 0.009896 0.015741
0 0.217448 0.159259 0.010937 0.016667
0 0.242188 0.231944 0.016667 0.013889
0 0.212240 0.405093 0.029687 0.017593
0 0.210938 0.392593 0.020833 0.014815
0 0.233333 0.394907 0.026042 0.021296
0 0.251563 0.402778 0.022917 0.025926
0 0.262240 0.364815 0.017188 0.022222
0 0.264583 0.368056 0.013542 0.017593
0 0.274479 0.362037 0.015625 0.025926
0 0.281771 0.373611 0.023958 0.030556
0 0.278906 0.343519 0.018229 0.020370
0 0.279948 0.329630 0.015104 0.020370
0 0.283333 0.309722 0.022917 0.019444
0 0.300781 0.302778 0.026562 0.022222
0 0.311458 0.287500 0.019792 0.023148
0 0.296094 0.322222 0.018229 0.018519
0 0.294531 0.338889 0.023438 0.027778
0 0.301302 0.356481 0.022396 0.027778
0 0.326302 0.306481 0.019271 0.025926
0 0.330729 0.318519 0.011458 0.029630
0 0.318490 0.345370 0.013021 0.020370
0 0.327344 0.357407 0.023438 0.037037
0 0.326302 0.336574 0.011979 0.023148
0 0.344792 0.341204 0.025000 0.021296
0 0.352865 0.346759 0.028646 0.023148
0 0.352604 0.368056 0.023958 0.025000
0 0.338021 0.308333 0.012500 0.018519
0 0.348438 0.313889 0.013542 0.020370
0 0.352865 0.295833 0.017188 0.036111
0 0.355729 0.283796 0.020833 0.030556
0 0.363802 0.243981 0.014063 0.012037
0 0.372656 0.221759 0.011979 0.013889
0 0.381771 0.216204 0.011458 0.019444
0 0.376042 0.237500 0.013542 0.017593
0 0.389844 0.252315 0.019271 0.019444
0 0.391667 0.229167 0.008333 0.021296
0 0.392448 0.187037 0.014063 0.014815
0 0.398438 0.194444 0.016667 0.011111
0 0.414844 0.182870 0.010937 0.015741
0 0.406510 0.186574 0.011979 0.015741
0 0.417448 0.197685 0.016146 0.015741
0 0.413021 0.208333 0.011458 0.012963
0 0.430990 0.179167 0.009896 0.012037
0 0.435937 0.183796 0.014583 0.017593
0 0.427083 0.189352 0.013542 0.019444
0 0.446354 0.187963 0.012500 0.018519
0 0.437240 0.204167 0.010937 0.015741
0 0.460938 0.185648 0.011458 0.015741
0 0.459115 0.197222 0.009896 0.020370
0 0.453646 0.203704 0.013542 0.020370
0 0.450260 0.217593 0.017188 0.020370
0 0.468490 0.207870 0.009896 0.015741
0 0.461719 0.221296 0.010937 0.014815
0 0.470313 0.231019 0.018750 0.019444
0 0.462240 0.234259 0.014063 0.020370
0 0.473698 0.248148 0.019271 0.022222
0 0.461458 0.250926 0.015625 0.018519
0 0.484375 0.199074 0.009375 0.016667
0 0.486719 0.212037 0.014063 0.018519
0 0.477083 0.227315 0.010417 0.017593
0 0.488542 0.237037 0.014583 0.020370
0 0.499740 0.201389 0.008854 0.015741
0 0.493490 0.228241 0.013021 0.019444
0 0.500000 0.217130 0.012500 0.013889
0 0.505729 0.236574 0.010417 0.021296
0 0.505729 0.203241 0.009375 0.015741
0 0.512760 0.206944 0.009896 0.013889
0 0.517969 0.218519 0.013021 0.024074
0 0.526042 0.224074 0.013542 0.016667
0 0.533333 0.217130 0.010417 0.015741
0 0.538802 0.230093 0.015104 0.019444
0 0.527865 0.238889 0.018229 0.016667
0 0.555208 0.231481 0.016667 0.018519
0 0.568750 0.231481 0.016667 0.018519
0 0.548177 0.249537 0.019271 0.025000
0 0.568750 0.249074 0.013542 0.020370
0 0.577604 0.244907 0.014583 0.017593
0 0.531250 0.255093 0.011458 0.019444
0 0.548177 0.276389 0.017188 0.021296
0 0.526563 0.272685 0.018750 0.017593
0 0.537760 0.289815 0.018229 0.020370
0 0.513542 0.291667 0.014583 0.018519
0 0.507292 0.284722 0.010417 0.017593
0 0.507031 0.302778 0.021354 0.020370
0 0.521094 0.302778 0.014063 0.018519
0 0.534896 0.303704 0.019792 0.020370
0 0.522656 0.314352 0.020313 0.021296
0 0.539323 0.319907 0.019271 0.021296
0 0.501302 0.315278 0.022396 0.025000
0 0.496875 0.327315 0.016667 0.041667
0 0.486198 0.339815 0.019271 0.037037
0 0.470313 0.339815 0.018750 0.038889
0 0.461458 0.347222 0.012500 0.029630
0 0.473438 0.316667 0.023958 0.024074
0 0.477865 0.304630 0.025521 0.025926
0 0.472135 0.282407 0.026562 0.027778
0 0.447135 0.277315 0.015104 0.017593
0 0.442448 0.283333 0.017188 0.022222
0 0.454427 0.298148 0.014063 0.022222
0 0.441667 0.316204 0.016667 0.041667
0 0.434635 0.331944 0.019271 0.039815
0 0.425781 0.306481 0.025521 0.053704
0 0.423958 0.256944 0.026042 0.052778
0 0.410156 0.261111 0.015104 0.018519
0 0.409635 0.283333 0.021354 0.037037
0 0.400521 0.286574 0.016667 0.026852
0 0.379948 0.318519 0.018229 0.027778
0 0.386979 0.338889 0.018750 0.031481
0 0.347135 0.401389 0.025521 0.030556
0 0.348177 0.436111 0.032813 0.024074
0 0.019792 0.585648 0.038542 0.039815
0 0.055990 0.581019 0.041146 0.043519
0 0.066146 0.619444 0.047917 0.033333
0 0.091667 0.591667 0.051042 0.048148
0 0.103646 0.624537 0.032292 0.045370
0 0.097917 0.658796 0.059375 0.043519
0 0.042708 0.727778 0.052083 0.046296
0 0.080208 0.739815 0.046875 0.050000
0 0.048177 0.818519 0.058854 0.070370
0 0.049740 0.853241 0.047396 0.050926
0 0.082812 0.788889 0.051042 0.038889
0 0.104167 0.834259 0.060417 0.033333
0 0.132292 0.802778 0.059375 0.050000
0 0.405469 0.366204 0.030729 0.032407
0 0.376042 0.448148 0.023958 0.038889
0 0.393750 0.449537 0.017708 0.056481
0 0.419531 0.472685 0.027604 0.030556
0 0.406510 0.495370 0.035937 0.033333
0 0.398438 0.521759 0.032292 0.028704
0 0.370052 0.527778 0.031771 0.024074
0 0.386719 0.542130 0.050521 0.030556
0 0.415885 0.533333 0.022396 0.038889
0 0.422656 0.501389 0.027604 0.028704
0 0.457813 0.495370 0.034375 0.072222
0 0.444531 0.493981 0.018229 0.030556
0 0.445052 0.520370 0.038021 0.029630
0 0.440104 0.543056 0.047917 0.036111
0 0.455208 0.373148 0.027083 0.033333
0 0.476042 0.407407 0.023958 0.038889
0 0.476042 0.446296 0.023958 0.031481
0 0.505990 0.386111 0.031771 0.031481
0 0.530990 0.372222 0.027604 0.027778
0 0.553646 0.368981 0.020833 0.045370
0 0.535156 0.399074 0.032813 0.035185
0 0.498958 0.436111 0.025000 0.029630
0 0.508333 0.463889 0.020833 0.027778
0 0.489063 0.480093 0.022917 0.028704
0 0.500260 0.497222 0.022396 0.020370
0 0.509635 0.507870 0.021354 0.023148
0 0.499479 0.527315 0.048958 0.032407
0 0.503906 0.548148 0.021354 0.050000
0 0.530469 0.456944 0.032813 0.021296
0 0.536458 0.476852 0.016667 0.022222
0 0.542969 0.494444 0.040104 0.035185
0 0.558333 0.432870 0.026042 0.036111
0 0.567708 0.418056 0.020833 0.041667
0 0.602865 0.398148 0.017188 0.031481
0 0.610417 0.386111 0.013542 0.020370
0 0.579427 0.498611 0.023438 0.026852
0 0.599740 0.515278 0.022396 0.049074
0 0.532813 0.534259 0.020833 0.031481
0 0.543490 0.525463 0.018229 0.041667
0 0.527083 0.561574 0.031250 0.037963
0 0.521094 0.624074 0.054688 0.062963
0 0.552083 0.577778 0.023958 0.053704
0 0.572396 0.536111 0.017708 0.025926
0 0.589063 0.546296 0.021875 0.051852
0 0.568229 0.555093 0.023958 0.030556
0 0.578125 0.582407 0.037500 0.044444
0 0.607812 0.553241 0.028125 0.036111
0 0.623698 0.547685 0.023438 0.032407
0 0.632812 0.571296 0.027083 0.038889
0 0.611198 0.576852 0.024479 0.033333
0 0.620052 0.598611 0.045312 0.030556
0 0.621615 0.621296 0.042188 0.042593
0 0.564323 0.644444 0.054688 0.038889
0 0.451562 0.634722 0.044792 0.050926
0 0.422135 0.697222 0.044271 0.048148
0 0.462760 0.699074 0.045312 0.048148
0 0.503385 0.709722 0.040104 0.054630
0 0.537240 0.746296 0.053646 0.064815
0 0.566406 0.718056 0.060937 0.047222
0 0.613281 0.727778 0.031771 0.070370
0 0.646094 0.790741 0.045312 0.051852
0 0.663281 0.756019 0.049479 0.063889
0 0.622135 0.668056 0.026562 0.050926
0 0.664844 0.624074 0.029687 0.040741
0 0.707031 0.631019 0.041146 0.043519
0 0.682552 0.643981 0.029687 0.032407
0 0.670573 0.666667 0.024479 0.042593
0 0.680208 0.693981 0.052083 0.063889
0 0.698958 0.800000 0.030208 0.062963
0 0.708594 0.665741 0.024479 0.037037
0 0.729167 0.680093 0.046875 0.065741
0 0.755729 0.649074 0.045833 0.046296
0 0.762500 0.689815 0.046875 0.044444
0 0.757552 0.756019 0.053646 0.062037
0 0.826302 0.791204 0.060937 0.052778
0 0.813281 0.881481 0.051562 0.072222
0 0.853906 0.877778 0.057813 0.062963
0 0.917708 0.937037 0.054167 0.050000
0 0.915625 0.337500 0.043750 0.082407
0 0.923438 0.186111 0.020833 0.018519
0 0.898438 0.178704 0.009375 0.024074
0 0.947917 0.197685 0.014583 0.015741
0 0.986979 0.492130 0.026042 0.093519
0 0.572656 0.291667 0.019271 0.024074
0 0.563802 0.318056 0.015104 0.021296
0 0.578906 0.312037 0.025521 0.027778
0 0.572396 0.330556 0.018750 0.024074
0 0.595313 0.293056 0.020833 0.023148
0 0.591146 0.311111 0.019792 0.029630
0 0.617448 0.286574 0.014063 0.025000
0 0.605729 0.304167 0.016667 0.021296
0 0.615625 0.303704 0.013542 0.020370
0 0.631771 0.301389 0.019792 0.032407
0 0.625000 0.392130 0.018750 0.023148
0 0.641406 0.378704 0.023438 0.024074
0 0.654948 0.292593 0.016146 0.022222
0 0.658333 0.304167 0.015625 0.021296
0 0.671094 0.307407 0.015104 0.025926
0 0.684115 0.334259 0.026562 0.048148
0 0.684115 0.296296 0.011979 0.020370
0 0.697135 0.295370 0.014063 0.024074
0 0.711458 0.374537 0.029167 0.062037
0 0.715885 0.307407 0.011979 0.018519
0 0.729167 0.311574 0.016667 0.026852
0 0.740365 0.325463 0.023438 0.028704
0 0.750260 0.314815 0.018229 0.029630
