0 0.010156 0.130556 0.004687 0.012963
0 0.007812 0.143056 0.007292 0.010185
0 0.002604 0.168981 0.004167 0.013889
0 0.016146 0.131944 0.008333 0.006481
0 0.017188 0.137963 0.009375 0.009259
0 0.021615 0.146759 0.011979 0.008333
0 0.022917 0.153241 0.009375 0.008333
0 0.010417 0.170833 0.009375 0.006481
0 0.020573 0.173148 0.013021 0.012963
0 0.022396 0.185648 0.015625 0.013889
0 0.032292 0.170833 0.014583 0.013889
0 0.024479 0.122685 0.010417 0.012037
0 0.024219 0.133333 0.010937 0.011111
0 0.040625 0.124074 0.015625 0.009259
0 0.038542 0.135648 0.012500 0.008333
0 0.041927 0.130093 0.011979 0.010185
0 0.041667 0.146296 0.012500 0.012963
0 0.032292 0.160648 0.010417 0.010185
0 0.043490 0.171759 0.010937 0.013889
0 0.054948 0.118519 0.007812 0.009259
0 0.063021 0.128704 0.015625 0.014815
0 0.061719 0.139352 0.010937 0.010185
0 0.052604 0.143981 0.010417 0.012037
0 0.078646 0.131481 0.013542 0.012963
0 0.066667 0.162963 0.013542 0.018519
0 0.059115 0.175000 0.014063 0.009259
0 0.054688 0.169907 0.006250 0.015741
0 0.063281 0.188889 0.016146 0.016667
0 0.086979 0.153241 0.011458 0.013889
0 0.075781 0.165278 0.014063 0.017593
0 0.085938 0.168056 0.014583 0.013889
0 0.092708 0.161574 0.009375 0.017593
0 0.101562 0.169907 0.011458 0.023148
0 0.077604 0.181019 0.014583 0.017593
0 0.117969 0.188889 0.020313 0.024074
0 0.113281 0.156944 0.011979 0.013889
0 0.122917 0.175463 0.013542 0.013889
0 0.126042 0.157407 0.013542 0.024074
0 0.124479 0.169444 0.012500 0.014815
0 0.131510 0.150463 0.013021 0.015741
0 0.139063 0.155093 0.010417 0.013889
0 0.141146 0.163889 0.011458 0.014815
0 0.135156 0.172222 0.008854 0.016667
0 0.141146 0.174537 0.012500 0.015741
0 0.150260 0.137037 0.008854 0.011111
0 0.155208 0.150926 0.009375 0.011111
0 0.154688 0.165278 0.012500 0.012037
0 0.138802 0.139815 0.011979 0.012963
0 0.170833 0.121296 0.006250 0.014815
0 0.168750 0.131481 0.010417 0.009259
0 0.159375 0.132407 0.005208 0.011111
0 0.163281 0.141667 0.010937 0.007407
0 0.150260 0.171759 0.010937 0.012037
0 0.151823 0.193056 0.010937 0.012037
0 0.163281 0.178704 0.014063 0.012963
0 0.167708 0.191204 0.012500 0.010185
0 0.161198 0.193981 0.009896 0.013889
0 0.171615 0.146296 0.013021 0.016667
0 0.164583 0.154167 0.010417 0.013889
0 0.162500 0.163426 0.008333 0.015741
0 0.165625 0.170370 0.010417 0.009259
0 0.172396 0.164815 0.009375 0.012963
0 0.181510 0.157407 0.010937 0.014815
0 0.189062 0.124074 0.007292 0.014815
0 0.182292 0.148148 0.006250 0.016667
0 0.186198 0.146296 0.006771 0.012963
0 0.194271 0.143519 0.009375 0.012963
0 0.194531 0.150926 0.008854 0.012963
0 0.199219 0.158796 0.007812 0.010185
0 0.192448 0.163426 0.010937 0.012037
0 0.202865 0.143519 0.011979 0.012963
0 0.202344 0.150926 0.008854 0.012963
0 0.209635 0.147685 0.008854 0.012037
0 0.207813 0.155556 0.006250 0.011111
0 0.213021 0.160648 0.010417 0.013889
0 0.216406 0.145370 0.007812 0.012963
0 0.216667 0.152778 0.011458 0.009259
0 0.218229 0.162037 0.012500 0.014815
0 0.226823 0.152778 0.010937 0.011111
0 0.234375 0.153704 0.010417 0.014815
0 0.227604 0.158796 0.006250 0.012037
0 0.242708 0.153241 0.011458 0.015741
0 0.212240 0.392130 0.023438 0.015741
0 0.212500 0.405093 0.029167 0.017593
0 0.234375 0.393981 0.027083 0.017593
0 0.252865 0.401852 0.023438 0.022222
0 0.261458 0.364815 0.016667 0.022222
0 0.274479 0.362500 0.015625 0.025000
0 0.283333 0.377778 0.029167 0.018519
0 0.277865 0.344907 0.020313 0.017593
0 0.280990 0.327778 0.017188 0.018519
0 0.282813 0.309722 0.021875 0.019444
0 0.295573 0.323611 0.016146 0.025000
0 0.301302 0.302315 0.024479 0.019444
0 0.292708 0.338426 0.020833 0.021296
0 0.308073 0.364352 0.033854 0.041667
0 0.315365 0.286574 0.025521 0.025000
0 0.326562 0.306944 0.021875 0.028704
0 0.331250 0.318981 0.015625 0.032407
0 0.331510 0.353241 0.018229 0.043519
0 0.346354 0.402315 0.026042 0.028704
0 0.347396 0.439352 0.031250 0.030556
0 0.358333 0.284722 0.014583 0.026852
0 0.348438 0.280556 0.012500 0.016667
0 0.354167 0.300000 0.025000 0.046296
0 0.338021 0.309722 0.011458 0.019444
0 0.347656 0.314815 0.014063 0.020370
0 0.345052 0.340741 0.016146 0.027778
0 0.352865 0.349074 0.027604 0.022222
0 0.353385 0.367593 0.022396 0.027778
0 0.386458 0.338889 0.014583 0.031481
0 0.378906 0.319907 0.018229 0.036111
0 0.404687 0.366667 0.029167 0.035185
0 0.364844 0.243981 0.015104 0.015741
0 0.387240 0.290741 0.019271 0.024074
0 0.380729 0.297222 0.020833 0.024074
0 0.373698 0.222222 0.014063 0.016667
0 0.375260 0.237963 0.010937 0.014815
0 0.388281 0.253241 0.019271 0.019444
0 0.381771 0.214815 0.010417 0.020370
0 0.391927 0.229167 0.010937 0.021296
0 0.388281 0.202315 0.009896 0.015741
0 0.392969 0.187963 0.014063 0.018519
0 0.398698 0.195833 0.011979 0.013889
0 0.397917 0.204630 0.011458 0.016667
0 0.405208 0.187500 0.012500 0.019444
0 0.415365 0.181481 0.014063 0.018519
0 0.411979 0.209722 0.010417 0.015741
0 0.417187 0.196296 0.015625 0.020370
0 0.427604 0.192593 0.013542 0.025926
0 0.430208 0.178241 0.010417 0.012037
0 0.435937 0.185185 0.012500 0.016667
0 0.444531 0.184259 0.011979 0.011111
0 0.448177 0.193519 0.011979 0.018519
0 0.438542 0.206019 0.012500 0.015741
0 0.460417 0.186111 0.012500 0.014815
0 0.459635 0.196759 0.009896 0.019444
0 0.453646 0.206019 0.013542 0.019444
0 0.449479 0.220370 0.017708 0.022222
0 0.469792 0.196759 0.012500 0.013889
0 0.467969 0.208796 0.015104 0.017593
0 0.462500 0.222222 0.013542 0.020370
0 0.479167 0.214352 0.017708 0.017593
0 0.468750 0.231019 0.018750 0.019444
0 0.485938 0.201852 0.013542 0.024074
0 0.499740 0.201389 0.007812 0.013889
0 0.490365 0.201389 0.011979 0.015741
0 0.506250 0.202778 0.009375 0.016667
0 0.499479 0.217593 0.017708 0.014815
0 0.494271 0.228241 0.013542 0.015741
0 0.489063 0.237037 0.015625 0.018519
0 0.513021 0.208796 0.010417 0.017593
0 0.518490 0.218519 0.013021 0.024074
0 0.507031 0.238889 0.014063 0.020370
0 0.534115 0.217593 0.010937 0.018519
0 0.526302 0.225000 0.014063 0.014815
0 0.527604 0.239815 0.017708 0.018519
0 0.539323 0.232407 0.015104 0.024074
0 0.555729 0.231481 0.016667 0.016667
0 0.567708 0.231944 0.013542 0.017593
0 0.568490 0.247685 0.011979 0.021296
0 0.548177 0.250463 0.020313 0.025000
0 0.530990 0.255093 0.011979 0.019444
0 0.548958 0.275463 0.018750 0.021296
0 0.527344 0.272685 0.020313 0.017593
0 0.536719 0.291204 0.019271 0.019444
0 0.504948 0.287500 0.016146 0.019444
0 0.513021 0.295370 0.015625 0.025926
0 0.521094 0.301852 0.013021 0.018519
0 0.518490 0.310648 0.027604 0.015741
0 0.523698 0.321296 0.021354 0.022222
0 0.540365 0.320370 0.018229 0.022222
0 0.498177 0.315278 0.018229 0.021296
0 0.498177 0.331481 0.015104 0.025926
0 0.461719 0.251389 0.016146 0.017593
0 0.475521 0.249074 0.013542 0.022222
0 0.491927 0.254630 0.016146 0.018519
0 0.467708 0.275926 0.021875 0.014815
0 0.469531 0.287963 0.023438 0.020370
0 0.475781 0.302315 0.020313 0.019444
0 0.492188 0.306944 0.015625 0.017593
0 0.474479 0.317130 0.025000 0.025000
0 0.486198 0.341667 0.018229 0.035185
0 0.470313 0.345370 0.018750 0.050000
0 0.459115 0.347222 0.016146 0.027778
0 0.456510 0.374074 0.027604 0.031481
0 0.447396 0.275000 0.013542 0.020370
0 0.442188 0.282407 0.017708 0.018519
0 0.453385 0.299074 0.017188 0.031481
0 0.424740 0.258333 0.028646 0.051852
0 0.406510 0.279167 0.019271 0.034259
0 0.411198 0.261574 0.015104 0.021296
0 0.401042 0.290741 0.014583 0.020370
0 0.424219 0.308333 0.023438 0.055556
0 0.440104 0.315278 0.019792 0.039815
0 0.435937 0.336574 0.019792 0.039815
0 0.474740 0.407407 0.025521 0.040741
0 0.477083 0.446759 0.021875 0.026852
0 0.505729 0.387500 0.029167 0.030556
0 0.499219 0.440278 0.027604 0.028704
0 0.488542 0.480556 0.025000 0.035185
0 0.503125 0.502778 0.023958 0.033333
0 0.494792 0.525463 0.045833 0.036111
0 0.503906 0.545833 0.022396 0.054630
0 0.510417 0.467593 0.022917 0.029630
0 0.529687 0.456481 0.035417 0.025926
0 0.538281 0.474074 0.015104 0.022222
0 0.539062 0.490741 0.034375 0.027778
0 0.530990 0.533333 0.019271 0.025926
0 0.541927 0.521759 0.017188 0.030556
0 0.526302 0.558796 0.027604 0.037963
0 0.550521 0.545833 0.028125 0.028704
0 0.551042 0.578241 0.022917 0.045370
0 0.577604 0.581019 0.035417 0.039815
0 0.567187 0.556481 0.025000 0.031481
0 0.572656 0.537500 0.019271 0.023148
0 0.589063 0.549537 0.020833 0.058333
0 0.532031 0.370833 0.025521 0.026852
0 0.531250 0.397685 0.025000 0.026852
0 0.558073 0.369907 0.018229 0.039815
0 0.545833 0.366667 0.012500 0.014815
0 0.573958 0.292130 0.018750 0.021296
0 0.567187 0.302315 0.016667 0.021296
0 0.565104 0.318519 0.019792 0.018519
0 0.572396 0.329630 0.018750 0.016667
0 0.555208 0.331481 0.014583 0.020370
0 0.579167 0.245833 0.016667 0.021296
0 0.594792 0.293056 0.019792 0.019444
0 0.592448 0.310185 0.021354 0.024074
0 0.577344 0.312037 0.023438 0.022222
0 0.618750 0.287963 0.015625 0.025926
0 0.607031 0.305556 0.013021 0.016667
0 0.617969 0.308333 0.010937 0.018519
0 0.632031 0.301389 0.019271 0.028704
0 0.628385 0.312500 0.010937 0.019444
0 0.559375 0.437037 0.030208 0.042593
0 0.564063 0.417130 0.016667 0.036111
0 0.573177 0.409722 0.015104 0.028704
0 0.582552 0.402315 0.020313 0.025000
0 0.603646 0.402778 0.022917 0.035185
0 0.612760 0.387963 0.016146 0.020370
0 0.626563 0.392130 0.019792 0.023148
0 0.642188 0.378704 0.021875 0.027778
0 0.579427 0.499074 0.023438 0.033333
0 0.598698 0.514352 0.020313 0.049074
0 0.016667 0.590278 0.032292 0.037963
0 0.049219 0.580093 0.055729 0.036111
0 0.091146 0.592130 0.057292 0.052778
0 0.060677 0.620370 0.058854 0.037037
0 0.105469 0.626852 0.030729 0.042593
0 0.097135 0.658796 0.063021 0.043519
0 0.010937 0.655556 0.020833 0.040741
0 0.010156 0.751852 0.019271 0.027778
0 0.041406 0.727778 0.051562 0.051852
0 0.082292 0.743519 0.053125 0.055556
0 0.006250 0.845833 0.011458 0.036111
0 0.052344 0.815741 0.060937 0.061111
0 0.048958 0.857870 0.055208 0.054630
0 0.084375 0.792593 0.061458 0.038889
0 0.104427 0.837963 0.066146 0.046296
0 0.132031 0.802315 0.058854 0.054630
0 0.377604 0.447222 0.025000 0.035185
0 0.395052 0.450463 0.022396 0.052778
0 0.364583 0.531019 0.028125 0.028704
0 0.376823 0.536111 0.032813 0.025926
0 0.390104 0.543981 0.046875 0.030556
0 0.401823 0.517593 0.031771 0.031481
0 0.402083 0.494907 0.032292 0.034259
0 0.419010 0.475463 0.031771 0.036111
0 0.457552 0.495370 0.034896 0.081481
0 0.446094 0.494444 0.022396 0.033333
0 0.423958 0.503241 0.021875 0.030556
0 0.414844 0.537037 0.027604 0.042593
0 0.440625 0.550000 0.055208 0.046296
0 0.448698 0.522222 0.043229 0.033333
0 0.447656 0.633333 0.045312 0.050000
0 0.421354 0.697222 0.045833 0.050000
0 0.459635 0.700000 0.047396 0.046296
0 0.519010 0.625463 0.056771 0.075000
0 0.502604 0.708796 0.041667 0.063889
0 0.535417 0.743056 0.054167 0.065741
0 0.561198 0.639815 0.048438 0.042593
0 0.570052 0.719444 0.065104 0.050000
0 0.615365 0.547222 0.042188 0.029630
0 0.605990 0.558333 0.033854 0.038889
0 0.611458 0.576852 0.028125 0.029630
0 0.636719 0.575926 0.028646 0.037037
0 0.619792 0.598611 0.045833 0.030556
0 0.644010 0.609722 0.031771 0.036111
0 0.623958 0.622685 0.043750 0.039815
0 0.622135 0.668056 0.032813 0.045370
0 0.615885 0.729630 0.029687 0.066667
0 0.666406 0.618981 0.033854 0.047222
0 0.683073 0.640741 0.030729 0.035185
0 0.707812 0.634722 0.044792 0.049074
0 0.671094 0.671759 0.024479 0.043519
0 0.683073 0.693056 0.053646 0.075000
0 0.667708 0.754630 0.055208 0.066667
0 0.647917 0.790278 0.041667 0.052778
0 0.701823 0.811111 0.036979 0.083333
0 0.710677 0.669444 0.024479 0.053704
0 0.733594 0.683333 0.057813 0.072222
0 0.757031 0.649537 0.032813 0.047222
0 0.763802 0.689815 0.051562 0.046296
0 0.755729 0.764815 0.063542 0.072222
0 0.724740 0.891204 0.052604 0.075000
0 0.816667 0.883333 0.064583 0.081481
0 0.829167 0.790278 0.065625 0.060185
0 0.858594 0.874537 0.051562 0.063889
0 0.912500 0.934722 0.045833 0.047222
0 0.914062 0.339352 0.038542 0.089815
0 0.923958 0.184722 0.019792 0.025000
0 0.898698 0.178704 0.010937 0.027778
0 0.654687 0.291667 0.014583 0.022222
0 0.658854 0.304167 0.021875 0.025000
0 0.670573 0.312037 0.016146 0.029630
0 0.682031 0.293519 0.017188 0.014815
0 0.679688 0.307870 0.014583 0.019444
0 0.684635 0.335185 0.028646 0.044444
0 0.696094 0.294907 0.016146 0.023148
0 0.695052 0.317593 0.026562 0.033333
0 0.714583 0.376389 0.031250 0.062037
0 0.714844 0.305093 0.018229 0.017593
0 0.729167 0.310648 0.018750 0.025000
0 0.739062 0.325463 0.021875 0.023148
0 0.751302 0.314352 0.023438 0.025000
0 0.773438 0.343981 0.022917 0.021296
0 0.984635 0.487963 0.030729 0.098148
